0.281874818790868
0.884387336507488
0.0742318475400445
0.72113079645518
-0.770770026210078
-2.01249847123903
1.39333205824431
0.336395603871256
0.104761161004996
0.322615997096056
0.442694462221388
0.998321647946432
0.79892998573283
0.625270080044577
-1.52373853232937
-0.250141734653452
1.99824931145776
1.33663908873381
-0.575362115815664
-1.24602666497427
-0.111353356871764
-1.24158023906761
-0.708388330946553
0.271400403771883
-0.0686637105386062
-1.18432572974183
0.926259252554163
-1.38407078584378
0.59408050404165
0.779900682954989
-0.185408672173181
0.383182847052114
-0.29662768753997
0.378967543058949
-0.0497570911042964
-0.871946004601378
-0.348261369216675
0.371052385083231
0.187289939870725
-0.164207506594396
0.799986002997781
1.11734521351393
-0.906215807780438
-0.061626346324985
0.453952723094059
-2.25565167643452
-0.592067822256574
1.00131440818379
0.310822937833664
-1.20026990215776
-2.6118880067823
-3.13598843666517
-0.211386985586755
2.95126179794601
0.016931482166338
0.0754992002109157
-0.470687501767458
-0.3873179060564
-0.284165292555192
-0.842200693005595
0.977595329622816
0.905492004957934
0.699359735385214
1.74730977064302
-1.15062139218945
-0.59550048726818
-0.217332494954058
-0.543586352453137
0.165162924592824
0.808090548248047
-1.17102368281882
0.786556559409378
0.757881555755509
0.75898879014802
-2.90065643501958
-3.5591884539799
-0.766535398016825
-0.476095334781038
2.470246501879
-0.348530043897657
0.623002058607679
-0.611567602101192
-0.150919177904257
-0.756686788934207
0.143265980208879
0.146243581486506
-1.13856833227383
0.617435724416173
-0.410671311939305
0.200927482596032
-1.68589697477915
0.642324284594237
0.332486172731407
0.760090021224879
0.740925680761514
-0.836781014855308
1.38002858018541
0.836736885746058
-0.540848214466817
1.03936268896912
-1.20153302267689
-0.706445500948235
1.47277290913563
1.53109136902631
2.39143377121582
0.159537306998383
-1.20495266790936
0.867030424513359
-3.84274739475445
-0.907454507471298
-1.29399914050245
0.945162274991548
-1.92345696663064
0.754165877118791
0.814281821009093
0.339048084924184
0.228968494950329
-1.58541837540214
0.347667939245867
0.0158762273081145
1.80071039489004
-0.179954655096946
1.75425086680492
0.387034038607693
0.211647119290233
0.946625123853354
0.0601867660083289
1.75480680987427
-0.825919222529523
-0.425844076973623
-0.0672740848701353
0.699511679991467
-0.480812965972377
-0.142329156152125
0.720239021713274
1.98306335349616
1.23796980720388
0.527756065038271
1.7728612458297
0.0723143160288401
-0.145984049357338
1.06178683987381
1.45108760638956
0.702976254038292
-0.153516030855575
0.622063315299337
0.495259351114787
1.09094097466359
-0.52293440827363
0.613091549946016
-0.791772279039732
0.653593797821159
-0.390758173330069
-0.164202125374177
-0.658297411907465
-1.21379349655633
0.765217295840278
-0.032280306287729
-0.178942125150369
0.264946233869591
-1.69318614338598
-1.07833528593873
0.0709710320042354
0.334145468236649
-1.59556770232866
-1.58265095947318
-0.102803649398967
-0.741183401980586
-1.08596865084881
-0.421102344479996
-0.169701815539176
-0.344393883910587
0.287218415293203
1.61468975578519
0.520681093956356
-1.32823931410382
-2.16787958956153
-0.0828906492855745
0.83371067924208
-1.67285643568576
-0.949763245755155
-0.957319036060769
0.186089729184784
-0.197048178896766
-1.81603797845846
0.461672297377184
-0.168514056255401
-1.65067466458376
0.0936549530266181
0.19678579778415
-3.68068901766849
0.254295494221049
0.967865303904465
-0.618965641104123
1.22589303291268
0.900616182761278
0.617033127275506
0.460386247551991
-3.13054883257988
-0.369619302182234
-0.575857159339564
0.726805723406395
1.49271692729222
-1.057208861894
-0.163545058217023
1.31677703864866
0.373165850340793
0.915534005913975
-0.219499825610706
-0.960319321348537
-0.0619587081654084
-1.69572239260608
0.867773947606334
-0.445624285580932
1.00913496324833
1.88126055564401
-0.330837299004939
1.13158210540982
-1.36097313201727
1.28574417681418
-0.0777417488762419
0.817815692488134
2.19379376220209
-0.965199043598928
0.108333057121245
-0.532392188631284
0.227710834989435
-0.0738108052551119
1.38540630621113
1.06488139201267
0.119823517003077
0.274763520807699
-0.283476028286306
-0.29072947919351
0.922989506532322
0.50640142747315
0.990611840819
0.166517109478929
2.02609092818804
-0.340676876092131
1.01268421866784
1.71803849982978
-0.0873379625561091
-0.147037808756243
0.351079406615659
0.197702596179803
-1.42342572096763
-0.542357236678922
-0.0134133650398368
0.0627990473989274
0.339276344692941
1.01953990737738
0.925455839033582
1.65980447968932
1.46472693504514
-1.77876469754324
-0.337220017629622
-0.939974054525531
-0.149113293473066
1.70759907943431
-0.121026580654424
-0.00684011076627698
-3.03098598264449
0.472456795168094
-2.36903058577657
-0.444341396158091
-0.900939126370294
0.222753322117089
1.35975221719306
0.636782869334831
0.82852694311382
0.454398977742018
-0.816652588741353
-0.352134309305535
0.652815125150948
-0.114125399342281
0.215668811669796
-0.576694978962015
1.12809231008988
2.46163274183388
0.723721849629744
-1.16922077254902
1.96462355281472
0.82748413342328
-1.16942022816518
-0.675120097944639
1.98464891485067
-0.257560088473431
-0.497648304689467
-0.77305555092915
-2.05043888114503
0.765939148275821
-0.968101820327349
-0.280064311978393
0.549559336544003
1.25793224224545
-1.04950330145604
0.31545639613571
0.165003399410538
1.78755277645848
0.46293265645479
0.879959352138417
0.464331586237416
0.248033016062902
0.251821632952641
0.86688825358474
0.911283170275464
-0.607485953471958
-2.37540592197467
0.333384771099788
-0.581813173114094
0.752522012736649
-0.307819940573831
-0.224095390120167
-1.51662575832123
-1.49821413301694
-3.11549851023472
-0.566706925608292
0.139896279067992
-0.238954640683823
0.247774622609121
-0.792272891093101
0.0212281374851863
1.82902102369772
-2.09889746840665
0.21637163813763
-0.179041126915855
-0.948095104955412
0.312612263019913
-0.0872663502741161
2.2835632403917
1.14760706855352
1.3464982588304
0.824888940609503
-0.35581845259231
1.56733147562561
1.84742923391536
-0.186261461363193
-0.410367164554219
0.218952769909494
-2.28174209607781
-2.13565949899192
0.592875718095551
-0.51726399679747
-0.682050794596447
1.13604471575361
1.49242537548685
-0.0761259146540827
-0.573520119658587
-1.71755100213306
-0.303451616040322
-0.178570459186749
0.601628616061075
1.65140307187596
-0.635926495548224
2.3076361836429
-1.02085067138562
0.0799299420222871
0.887888144761593
0.343303432077635
0.788061016499061
1.15288626351216
0.0480967144319327
0.0812904743692918
-0.643923300619997
-1.4908995844066
0.236157605540706
-0.698299073171685
-0.486720582307079
-1.41246764444386
0.966855163913324
-1.61033359720954
-0.18315415281153
-0.842384714364251
0.816748209203792
0.70897391465354
1.19667896646244
-0.651144037570569
0.0203929722535792
-0.599938127043841
0.749160704755834
-0.0193997779870281
0.0267760107489551
-1.6265386868853
-0.261978635120549
1.66963831594167
-1.39954088608898
3.40178541225571
0.951821376257122
0.909419675379443
0.244277520455453
1.22307979924623
1.20610665834554
1.22715367041552
0.689728981938797
1.41850734971376
0.0695990826153722
-1.01711210636988
0.124758630690222
1.10784959962144
1.11902061008627
-0.206352141005911
0.111964298556175
0.905264769138082
2.43986511638902
-0.363322342692613
-0.167520329384662
0.47295793087213
-0.0686231353774014
0.596355780922894
1.04347934257008
2.17248799259922
-0.397209214274889
0.429055718400308
-1.61630739724824
-1.29148022842892
-1.53532389604483
-0.00459522497653424
0.881934433880382
-1.57881692963459
-0.70090789263542
-0.136622642010088
0.665558324599081
0.477070696326721
-0.793784920630125
-0.262242496232213
-0.474728436100172
0.153552188162907
0.623534855905988
-0.53187075582347
-0.254930840241824
-0.0265836783883606
-0.235971196603817
0.814681032020425
-0.280728285081717
0.247300532445107
-3.01958369286662
-3.06590136922926
0.49033345394639
-0.024336149705966
2.252124868233
0.713018115776636
-1.40293715010388
-1.26842697328321
-0.902397302761077
0.0890593245925558
-0.973052579792357
0.162618429479226
1.24777459205359
0.410495819098803
0.000453492490080705
0.706215068605615
-1.65218758667778
-0.279886770568308
-0.620664403856536
-0.412825895671233
-1.24874535844617
1.34739080616567
-3.20078110525666
-1.35676221054766
0.115263144811258
-0.124479454871496
-2.0414000213903
0.483090134008428
1.01240312393024
-0.0403776676938256
-0.458079812650286
1.13663827028987
1.47906462158798
0.170884804404705
1.096761670029
1.05526531407413
-0.936337953747338
1.62193245035072
0.32651266979244
-0.15801369001519
-0.674893112049137
-0.822913691524712
-1.13727454326182
-0.192629344679814
1.14755669754021
-0.431851280649688
-1.9139418057514
0.835639730602636
-1.60761138703572
-1.80158120539539
0.498666916555137
-1.02127050545187
0.935968456335331
-0.227282378909297
-1.27601986503389
2.12926977293073
-0.732175018811774
-0.86710206286623
0.827089939294908
0.192185428523806
-0.41805658667603
-0.315000120307522
-0.177189083059077
-0.230845309147429
1.50966986131172
-2.371970986274
0.680084938952934
-1.03814643421168
1.70313142653328
0.950631368189387
0.589235659840823
-1.86880386791521
0.165363711466023
-2.67634941370367
-2.73465330968075
-1.55058961402464
0.22949659293693
-0.338021855458462
-0.278894855834017
1.86933561915186
2.03320863646918
-0.0585757123921848
-2.75070413232225
-1.33363735622549
-0.857697343567359
-1.50951671044906
-0.0850106445960435
-0.0474105486822604
0.82681888706916
1.52427351107779
-0.0772752764781363
-2.44003467811256
-1.51775468890201
1.65527319955946
0.385025601501664
0.150422098946394
0.330001469220578
0.150108273937745
-0.4245509527786
-0.456019743244485
1.05834027002966
-0.062257116916408
-0.32337722383263
-0.743793849833196
-0.380815228493554
0.131769550365318
0.500009169139859
-0.353468614019299
0.603895507196526
0.472655165310686
1.00170581139284
-0.240329948925804
0.350982244995675
-0.575381942116367
0.316464387968513
-1.7701239521183
1.78836710886349
0.721835883185022
0.338745978731087
-0.0501838171749454
0.786669890288428
-0.742651900575078
0.505516064319849
2.26544312702139
1.75083090220796
0.754999337211921
0.377788134452271
1.47570583671768
-0.595972170920239
0.73546720152333
-0.703642197625287
-0.530151318189293
1.41822180972123
0.915098679540077
0.498684037000278
-0.980632066510784
-0.309896098147896
-1.65552503531161
-0.199526675603127
-0.757296746435607
-0.12971284591094
-1.79834182004318
-1.61381597577891
-0.0257000938581196
0.409638276679908
-1.79365177197073
-2.23638068343961
0.412315969435832
0.901791584552858
-1.91169071986666
-1.62786902315218
-2.38146948913337
1.21296668875107
0.403352216594794
-0.0352159566051109
0.383300256431978
-0.325215978655527
-0.246680640005407
0.204075526080078
-0.203181403687077
-1.72851175871809
1.64143334481667
-1.15995884142515
0.111071800343356
-1.60182798279786
1.17531109630776
2.25257784035304
-0.248760188242385
0.322727930128357
0.496625145036159
0.534524429976964
0.702770921936419
0.29933185713719
-0.756647058790963
0.631022974510211
-1.10154765030374
-2.1018218513697
1.6657943007961
0.826333459047387
1.5183976105429
0.588415105579599
-0.133993530094266
1.07461655155978
-0.924343498739311
-0.654098260570243
-0.550941249452915
-1.68667597099497
1.10795918913851
0.737876379811024
1.37529061056952
-0.909979334039873
0.369455644388134
0.136520771817988
-1.01009286371402
0.577356908816616
0.942666878627915
-1.62608137355453
-0.158847323313225
0.187985430564881
3.00302297894571
1.82730420318669
1.75713209800902
0.325025639264867
0.3515689144836
-0.706810451300226
0.149202901760418
0.351721174376731
0.542668350651785
-0.909941198976106
-1.94257390280386
-0.606340112122921
0.256541211498833
0.712399323035207
0.545473662170762
-1.94880516152247
0.103936581728976
-1.40864333250179
-0.0165735572910965
-0.436110807496545
0.926918904699988
1.31328588697929
-0.153932829942435
0.352260524026322
-1.48569611977623
-0.731543069939079
-0.367342679522118
0.924693148979986
-0.851936666317986
-0.40938329348046
-0.526528870110907
0.606268442250744
0.175596515875132
0.46926539258635
0.0752040408143552
0.797915706207647
-1.29187801602002
0.952271468429468
0.864590171201438
-0.451396840412001
-0.172414377111185
0.283191264416561
1.46964205140563
-0.773138748762698
-0.559586758665671
-0.698829081941924
0.481618928471567
1.29889628256994
0.878163195733561
-0.0358903385732609
1.70276198472932
-0.853732732779141
0.757260210041991
-1.07226365405504
-0.385380296485427
0.668497401576714
-0.167063158296968
-0.218040761383274
0.0240797507044714
-0.546422984877652
-0.945509191369077
0.581399644014355
0.0232860214944661
1.0084010326828
-1.11692153835004
0.672486524125092
0.616262784022871
0.487632038162031
0.68874728125257
-0.44173361541895
0.460919436260787
-1.00008767061879
-0.517933222265308
1.41927686049714
-2.61541358988249
-0.00730258048808901
-0.360120251597639
1.07346169158276
-2.29426386380613
-0.301576107908926
1.24370531351717
2.25578533125126
-0.14624900990183
-2.43566934748851
0.701403097866767
1.83583669807787
0.164851875030894
2.47041744700209
-0.398600657110231
0.390243912717701
-0.540346151819481
-0.134240491657558
0.52935114493516
1.19965751243311
0.175247089380727
-0.904714916098871
0.296228443164791
-0.121098915379576
0.436791775111049
-1.36152601404166
0.436542231833235
0.0719119352634122
0.159779618053159
-0.191339851056358
0.927935066569477
-0.725403361359814
-0.192423933879181
-0.0909853977694327
-0.354768787219997
0.117071692205248
0.984783360064422
-0.882858309320781
-1.07627781179994
-0.0726734017835363
1.35551049859257
0.756673811023529
1.38188111683129
1.15750664102459
0.287307006365543
-0.236447498043747
0.0154596266967525
-0.160311628444632
-0.82655749681912
1.5651567279443
-1.44935288475842
-1.76428002573021
-0.0602062270584141
-0.0784201907192503
0.671470601435272
-0.897967954774124
-1.68488497098926
0.1384781451285
-1.25109559045706
0.0673876071623162
0.429859847004509
-0.55293395140172
-1.80659438558013
-0.515472556278687
-0.44782523853333
0.830468986143996
-0.304961468070941
0.575679245588893
-0.113372594791718
-1.29837574254769
1.58457601508041
-0.402366781504297
0.401267842810346
0.645842163062424
-0.494222725151005
0.660794566868741
1.48834739871365
0.571032656227964
0.481274202027101
0.365243371630113
-0.492592173732379
0.221272259339349
-1.99236188618533
-0.478727167559003
-0.0863491094081786
-0.804206979430903
-0.308943666173764
1.31355418243591
-3.09507804269992
-0.671820124057342
0.475242589615896
-0.211299591364903
0.4532600189295
0.736539753621052
-0.497142159859224
-0.31051323567588
-0.0858067437712693
0.0687214623286108
0.0459218261510216
0.484546549293981
0.922930985952287
-0.431290143765972
-0.860810005731129
-1.61071864944791
1.26332547471884
0.407480425869141
-0.0780205843124202
-0.50851663874613
-1.42717900192349
0.789297371184175
1.60646868206814
1.0646604225328
0.480943196347906
-1.09357035910788
-1.8667997007313
0.59073448653318
0.38937103404186
-1.18198005990182
-2.43641699663696
-0.493349474232053
-0.129712330546569
-1.26743828214802
-0.468180259755012
0.239940605418588
1.07707922264965
0.574258527361561
0.928756969143178
1.27519594680146
-1.26370872084408
0.141925404356729
0.422223387538483
0.696115645381871
0.671618555760048
-0.87687956205687
-0.382559959313088
0.75434194073696
-1.75765700533967
-0.582886442351464
-2.64508451510382
0.163350800000927
0.414935082449426
0.228782905042904
1.15596587571364
0.684982210521043
-0.186805378140845
-0.818977417966654
0.520835266854209
0.159426893722781
-0.589107297953261
0.545255901978882
-0.157640774692436
0.863078972715051
0.248554376107887
0.527092376065576
-0.0192242847137022
0.612728225425468
1.49103834722553
0.301584014465061
0.459546793408123
0.733789286402692
-0.0883962445494315
-0.497364857684276
1.1770595767337
0.986018797312718
-0.323307736120851
0.356709041752266
-0.840272680873765
-0.0586759070036161
-0.520347270646841
0.679621079921216
-0.563800979981012
0.736308266760896
0.346168559977017
0.508541970656778
0.504377642753988
1.27438706187845
0.150623275707047
-0.0872465750209195
1.08108813748819
0.405616696574777
1.09944114532773
0.548135386696232
2.41843169288558
-0.464824969686553
-0.225452020425952
-0.560424029031203
-0.201025499102703
0.992046300424448
0.120807543836014
-0.372346279143692
1.46748382279356
1.4045507011659
0.0545670516355367
1.74315557139736
0.383667683718541
1.29626248255258
0.511799484654531
1.38255502448452
0.255135073131098
0.809830453746005
1.41771947161058
0.0282327228580889
0.865832457467798
-0.291237435300124
-1.85470973605199
0.108196296867754
0.0791464531689178
-1.30963541125053
-0.930221965073468
-1.29134620998394
-3.25265440691338
-0.78672897170901
0.652811347394068
0.0558275667198126
1.04492543008454
-0.0498474143832885
0.111510200080166
-0.273686229439038
-0.188238098244493
0.759428470497581
0.534057501967898
0.21893423103203
-1.20331818451782
-0.215157100154468
1.01989288165876
2.40707266495123
-0.413386075661641
-1.67352223283619
0.806001947729769
-0.110734776459217
1.02500165341385
-0.143093378171931
0.670495032573518
0.249474335833936
0.437671609720802
-1.03016510031591
-0.427613155149175
1.06386018798073
0.137769214966596
0.521262230743338
-2.13096621554942
0.462340561778503
0.392616648645495
-0.72199268804922
1.74890430105373
-0.275188739102924
1.14067216058541
-2.55219182880885
-1.26727204213843
0.432488372385744
-0.342763480274564
-2.19827795857393
-0.201899945840662
0.822286029667919
0.238601450770279
0.759163876126135
-0.181349563117487
0.0855490356287558
0.737380341917422
0.602655008090014
1.65070207488519
0.333604318613201
1.81477502541295
-1.02128854792336
-2.31701782611949
0.464822316107235
0.292121520959058
1.0712809945793
-0.228019217147184
0.580610095439426
0.166143635336474
0.285058326484924
-0.716467554729634
-0.164105453059908
0.123401262327005
-0.62653381405149
1.99293674130763
0.632323835248725
0.520144289148808
-0.11440694801928
0.833285878336987
0.680080395208881
0.458160069371118
0.0883802317477043
-0.0334947834732529
0.583043178084451
1.08673596904712
0.415548013444111
0.965435512090434
-0.414095301039318
-0.172563156171229
1.48284916974296
1.3302777563237
0.382325882771368
-0.883634002536299
0.135390113837089
-1.92723211737913
0.169771227665815
2.40121524522123
0.0475298086167672
0.633651244698678
-0.804312494615826
0.164842994376502
1.23461407936165
-0.18524146380389
-1.27963596480619
-0.766386060564643
0.964607520188582
-0.90557765730504
0.379913919036375
0.846128987057052
0.329066713152703
0.663372485812551
-0.197944922132284
-0.985822716034772
1.19169280888586
-1.90267341689182
0.160009443191336
-0.403535938085522
-0.965939724518217
-0.478998327956047
0.078528754789865
1.16995516642518
0.79715360111582
1.05263202729137
0.419800088170586
0.0387918019368538
0.0246680414387572
-0.571584958627992
0.667561354877037
0.311780726192227
-2.08794170232048
-1.00377575696254
0.47325808998526
-0.079707918182877
0.762445199607326
-1.77120252237125
0.977211941225022
-0.408651290025773
-0.963796832658206
1.01174559664958
0.700587165944097
-0.50020598832739
-0.777856154003638
1.26923627658188
-0.434093574956192
0.446812456377454
0.562404784578761
-0.054312899658678
0.0726880092134104
0.506753611243048
0.565785021298756
0.348630260164883
0.362142929031505
-0.778747657572923
0.365138192434344
0.894088001106509
0.0879440102235727
1.05962622624278
-0.184148915726994
-0.347237405351194
1.01278107899589
0.480093766135416
-0.26335835350776
-1.35241680026988
-0.643194900414885
-0.734378111497336
-0.330360760450473
-1.49289674418361
-0.371266572688333
0.308088392041443
1.10648729392967
-0.81974575553864
-0.320741811538371
2.23545780041861
-0.229284608431205
0.220964373351942
-1.85660723806041
0.224977742545053
-0.499244312469262
-0.257911278626009
0.671626348105683
0.765098328268168
0.154985175320005
0.973340859233317
0.231861885783539
-0.123729022818322
1.65577015780114
-0.471764690361809
0.259705443689365
-0.13892357961538
-0.24673442194436
0.00799130999785851
0.359484487141483
-2.40186243428156
1.22104381626818
-0.145369195981558
0.297857204227602
1.04978486018027
-1.41279806566441
0.345213606050999
2.21678027750392
-0.601364315502425
1.71466256216091
0.972477853957942
0.289050227933536
-0.297281546325268
0.827682682459963
-2.27953173993794
-1.37627279334048
-0.0467643509642153
0.302998569369246
-1.48732569859346
0.151916851471826
0.751185498739994
2.29644265047433
-2.27718976138716
1.32601035528896
-0.244400863418035
0.464957221099383
-0.272664578036742
-0.442043004741222
-0.0344849062998364
-1.03045036586389
-0.175960568708249
0.923797727641949
-1.03446839017828
0.32851517826528
-1.88070322822539
0.307956942904086
0.312699117462528
1.36189377406459
0.288948947658735
-0.875044750265535
1.1242250146984
0.906652581157973
-1.13353699850499
-0.96717942916794
-1.72604419589532
2.02264977975506
0.936074056492015
2.3560323475231
-0.0117352966817639
-0.164657249796039
-0.736152858968298
0.160609688148368
-0.0941188425284728
1.99919179545339
0.031798356765222
0.743303202379204
1.50187295312646
0.371968430113849
-0.721550015882201
0.451505084177599
0.682697285071139
-0.268891887992804
0.132663223096668
0.443491213086028
0.456139440261274
0.160091511731904
0.365546405734149
-0.79781437638968
-1.2834554933647
-0.546240062784725
1.33638294743185
0.792200442047141
0.349447885925346
0.606850357138264
1.03281927677556
-1.07506555207371
-0.392839584790465
0.484533594284457
0.905744837933533
1.16808500971264
0.420063693586539
0.408475202020807
-0.776375361231153
1.03286237190268
-0.147593596446165
-2.51855332170523
-0.30209687856303
-0.749828265124659
1.29427009594156
0.327798729813584
-0.209041048945829
-0.353624702990007
-0.533546469435435
0.810981557699971
-0.765055691817675
0.560761920282399
0.0823113628879248
-0.809438146153631
-1.2222415400768
-0.773078388289859
-0.647264305757386
0.19881407367648
-1.81195098864579
0.772533852237397
0.152265368830339
0.173844989311525
-2.25451435421742
1.91841390947449
-0.999442425463924
0.512328872472949
0.0773288281242179
0.671014030663813
0.27286597433837
-1.46022404481678
-0.561052356432972
-1.38074933422639
-2.30783530121361
0.454884133885509
0.0493390611552112
1.34737850653805
-0.569392213548885
0.119767701365574
0.955191332092768
-1.06800874470586
2.28693432066622
-0.195432288323085
-0.446906808127209
1.11700935152593
0.0702645367049733
0.89131043533928
1.56892506757116
-0.790047728207966
-0.136755495855963
-0.447196359628056
-0.126224910323223
0.325974095446521
-0.979788061777239
0.743889327748784
1.27160335706576
-1.44872562089277
0.390659105038959
-0.154323910335257
-0.375184332673885
-0.250468350777474
0.0776561644337473
0.582144477815587
-0.901019062425147
-1.23831982400287
-0.0996247312948128
0.523393899965388
0.680329740127875
0.13508489557115
-1.19691108648206
0.886117824046083
-1.00249919318468
-0.311957611128642
-0.0409099225377916
-0.475786475054893
-0.951662359192033
-1.36518199874637
-1.24165432407762
1.57897098666237
0.976215785079196
0.303909295167256
-0.199826854678566
0.571360086100294
-0.482009967670912
-1.71111885474022
-0.235281420403228
-1.37941487103718
-0.873241366612882
1.06110254529494
-0.735338438314031
2.20304381758651
-0.044667140696405
-2.21861253405524
-0.421442546862573
-0.818874651839236
-0.371291336037443
-0.178962963120532
0.939507597824484
-1.36224705911024
-0.887495637403917
-1.49066983041152
0.304918504946471
0.954601444334558
-0.178734329744589
-1.80118684069018
0.206616806868293
1.43659814006422
0.884073836418742
0.588779769842137
-0.40472800213676
0.940880315363466
0.610635120929872
-2.05727127185159
0.119174347678937
-1.05338350367524
0.387277115719982
1.06762347329127
0.403241095977803
-0.0861389065202742
-0.819327237933932
0.643521552731284
-0.598576075281149
0.135467494267085
0.146195087866619
0.259207603439027
-1.51173754555694
0.232690263115669
-0.541083961144413
0.815759521857687
-0.0707384362272583
-0.761080158859832
-0.916015279471758
-0.233460282428141
1.27342383685738
-1.95228284694004
0.533572519290959
-0.223299495247708
-0.0642857730172457
2.67888936874674
-0.058975191512773
-0.842214295414445
-1.31090016243931
1.56390649574942
0.722556958381509
-1.38178545600199
-1.03777132173525
-1.70976373836579
0.367797232083252
0.0920184102007146
0.452365675845427
0.563323718054768
-2.54351292190926
-0.977160741784351
0.0113212712080504
0.676711332504914
-2.09588297970448
0.55011544236156
0.157199804851454
0.53762334637171
-0.5224841227111
-0.220311326732958
0.521972315115276
0.995770011554441
0.426808485605817
0.961869385965355
-1.40375758742449
1.51512818397047
-0.419159921023689
2.12762204395256
1.78496600450532
0.848649301367198
-0.178746863757207
-1.05209511366056
-2.44374588178353
-1.1205737937582
-1.49758513555865
0.932239061220852
0.359742902924657
0.129554175024707
2.60387471602186
-2.83170940827749
-0.231965815089983
0.435612719427841
-0.0890304761649145
-0.341980223345734
0.49305884814249
-1.8036701808898
-0.318693534933206
0.161342574793083
0.46306258920684
0.640588534220887
-2.32606881483476
1.10860880314083
-1.21653302295978
-0.705611586320192
-0.246448969397353
0.23377675914192
1.80756760769386
0.634547082715172
1.38698204380376
-1.05236886387424
-0.469750010520732
1.21206892783694
-1.56195441012742
-0.114376075152939
-0.0221869522619129
2.53154794462007
0.904660793657634
-0.597043589806083
0.424221870629364
0.773382598903533
-0.26115798609026
-0.307849646540774
0.55142103118154
-0.200686605607758
-0.906853530212019
-1.00800694053286
-2.49136068722609
-2.64521562914041
-0.484936524375111
0.217162768457049
-0.974070517917789
-0.227177264054106
-0.000398007128799456
1.04575184183835
-0.21575450626092
0.0257025861698925
0.0891458959082466
-0.878697845342889
0.472615326895904
-3.54768456201998
1.24139928800724
0.317196134499144
2.31870265333049
0.787629040390849
-1.0235080096962
0.18433920797595
0.556941084292044
0.352947080587028
0.176500200021093
-0.684129500498645
-0.110956959030433
-2.62344058549036
0.84991511304253
0.691629335132901
-0.486775341119987
-1.02011684900544
-1.25819852649469
-2.78560538841282
-0.740089476297369
0.316857476271896
1.39448103771807
-1.08001600954828
-0.50173533529154
0.155265285254219
-0.634085761094812
-1.64130971912806
-0.556120069349321
0.79912584373542
1.64228179905018
-0.111109382404449
-0.179219768641977
0.598441479540747
0.307405473846602
0.501130721458761
-0.112053499867331
0.066191255807706
0.985773036239138
-0.224203772948815
-0.0370633951196939
0.285386776970474
-1.59850981539736
-1.2560209254608
1.80623493152192
-1.39123323825067
-0.542683600984962
-1.45558850483865
-0.00469695545339964
-1.87496687891756
-0.824216624816341
0.397544711539984
-0.224357916050874
0.51845711289481
0.298472243036428
0.979359596202425
0.2074785766322
0.177051940215932
-0.22299706741943
1.03759881629895
-0.677403547560807
0.363143251459731
-1.01764829658743
-1.32335810365788
-2.26282960435705
1.29566419410512
0.151328198852414
-1.55013594169356
-0.909734999194947
0.216597789384325
0.0187712584476086
1.43737984888162
-0.209177810668074
-0.588565328393903
0.425860055919907
0.0783450880017028
0.252605427428552
-0.706772563401502
-0.924234500056487
0.236858140925594
-1.22481879227687
-0.370829706936164
-0.149073601928067
-0.163443326794992
-1.08368327481888
-0.983466229898043
0.901989833755894
1.20037091185648
0.0199326129039751
0.292542621481081
-2.50590061042915
-1.06355033877442
0.15913019809466
-1.32136209537791
0.18225308233895
-0.352373004468674
0.8430761201456
0.9685882343891
-0.429660434651841
-0.165560809864223
0.201699611215782
0.940688448766343
-0.656379127511534
3.52449514896406
-0.792965274958398
0.505367745216929
-0.34607977050011
-0.64070894923258
-1.10824330802407
-1.34144686993632
-1.04371864102341
-0.359650290696425
0.999004481648827
0.182184788160895
-1.00105018039937
0.397172532894783
-0.475351651789061
-1.04205821511733
0.0177585636421974
-0.719725623259558
-1.13589648433138
-1.00716429270642
-1.30511473695424
-0.813038886651184
-0.143942586297195
-0.576807118205627
0.951452372242274
-1.00623301131712
-1.65095653186572
1.57866467082438
0.381282123328028
-2.60934505654755
0.234723001391422
-0.409089385963238
0.0184309926015436
1.13918307490445
0.276334362223008
0.530161290658377
-1.47861818407329
0.675726885575676
0.264524787312322
0.980544676079569
-1.41314137485853
-0.039464605779381
-0.355528785785693
1.03082070783127
0.434721505088422
-0.146550558034557
0.294439617594617
1.06840405367225
0.874051866934906
0.45549833728535
-0.0964963351115632
0.801173290337198
0.701103166057082
-1.09536540094952
0.636371478663629
0.458188144913138
1.57731832251945
1.2342945715522
1.34602684996773
0.615273606069431
-0.775933731044398
-0.567945870755211
-0.0887887696402724
-0.0748125111445258
-0.428757059993026
0.426791038502728
-0.517881801589649
-0.13810264260846
-0.370019316573412
0.175990488860462
0.0494738448102241
0.457424246914262
0.0819963689142574
0.666388535164951
-0.124869200138352
-0.200337058478212
1.25801814307654
-1.03591349943258
0.88120634594168
1.11044286027884
-0.507483638404188
0.266694006456025
0.107972311946441
0.55988236288976
-0.397230911683912
-0.0731889150781237
-0.623823237468813
1.69005096368937
-1.19019307195929
0.982312794613161
-0.739209802295178
-0.322247587729369
1.69285455156132
1.89132796060325
0.544463396491622
-0.326564323128731
1.83623896536184
-0.453942353579661
-2.46842674243275
0.397295926661891
-0.129885148977561
1.53079166907132
-0.321924432394367
-0.269906586426264
0.3679513533598
0.0195265403251621
-0.1196274241884
-0.241095840612188
-0.0628310391901016
-0.522560645555548
0.686825533586613
-0.45840174551371
-0.307477703913781
1.0919094054834
0.136092753666203
-1.71918944113519
-0.89952579849147
0.632272935349078
0.0588521236423051
0.344016053123478
-0.997598807737472
0.532805347625119
-0.490910636652095
0.412777935193082
-0.329214394446608
-2.182848176432
1.49599463392214
-1.48146237556396
0.66995399496003
1.6714204871419
-0.867660565731884
0.296292361636608
-0.73114673364983
0.238426933466086
-0.189707404095176
-0.672361145214745
-0.3643216871233
1.21780105882897
-0.493480845937501
0.704342141057223
0.721844657367169
1.37674387266483
0.638570202700169
-0.107264235505453
-1.48847957356761
1.34068210932144
-0.800292862625124
-0.727971046742407
-0.201125387060147
0.0233411119981733
0.296365199154765
0.327085942666534
-2.33527971624206
0.23979968005859
0.850500514891278
-0.46500761512727
-0.103145612031314
0.158694347817569
-0.510996222867096
-0.0403304648323039
-0.161198394304643
0.244920610676401
-0.528577751048254
0.165963109914424
0.490697743351576
-1.04072320540015
-0.166146328265314
1.0512301471582
0.931346490750604
-0.0828988962091335
0.146516814122781
-1.31458653705576
-0.567888546959175
-0.0497726477966526
-0.963950537000363
1.32607425162926
0.480579998249671
0.181301104786189
1.4508358051965
-0.518597200186102
-0.43262241626915
-0.153868289923313
-0.462344752248164
-0.234531258403402
-1.79260798729058
0.12525885808894
1.14826865077796
-0.923781208303352
0.146867960097535
0.327754912196011
0.590442874600847
0.0528773768692894
0.53676279666145
0.657066442083584
-0.0326803795885597
0.454307178316643
-0.338132946247722
-0.747876660588012
0.947671716880184
0.571897227991582
0.851327733810602
0.504762000596344
-0.256006395467485
-0.154678162106399
-1.4828531704054
0.364559087992137
-0.207240966664209
1.06067955280262
-0.609130049185731
-0.352969234673771
-1.53957508730152
-0.917525291960583
-0.651543673236493
-1.45103384484727
-0.55755718747768
-0.357727541302871
0.327915008632846
-0.53310630081575
0.199416946342538
0.454103235870431
0.733381030009918
0.0939217134802291
-0.328053306879722
0.624975055487715
-0.584414663778299
-0.0990218398312773
-1.38270650224345
-0.0347888435588048
0.858716514881509
1.46315124427574
0.694367935341478
-2.1112971536567
0.854369095719266
-0.309305088295375
0.218611026873491
0.61199821058446
-0.486336315011318
1.25948572691279
0.576608275058206
1.34468340960661
0.866226758792944
-2.77116745125557
-0.0388727711365141
-0.681650117116425
-0.0163895693586347
0.0893245267848601
-1.16366960127738
-0.114068486383071
0.337996486605387
-1.15801997956915
1.05854582094257
-0.503368441094523
-0.105018584126208
-0.294693649346452
1.06268355657684
-1.5599960167727
0.386089768206011
0.61542737115418
2.15354086214209
-2.01570565992075
-2.68517082588273
-0.208285696016595
0.0879164854704259
-0.332230971479241
1.37162215766083
0.229876598993814
1.92273177417097
0.166435403777133
0.530693975707727
-1.22702327731724
0.109410019978711
0.478693342204126
-0.337749365349329
-0.0816822281482754
-0.710310676871975
0.269715736911063
3.00205229055418
-1.03373330586421
-1.74516191365977
-0.969938697153791
1.20408352657624
0.00388792615475991
0.113080039035019
-1.55558443309391
0.794446991524821
0.795565708487515
0.108002637983693
0.6314139351235
1.06708643852232
0.904362124583445
0.0497870772083811
-0.00451246414403247
0.741162245839426
-1.64429367538335
0.70769122861484
-0.548948190065495
0.606787610997574
0.453088518113839
0.567320137442732
0.808105031933819
-0.354764644914565
-1.67646743856406
0.440961770536631
1.35055668533751
-0.771926592757474
0.570216107901563
-0.438020391089762
1.17155325527563
-0.95073235809047
0.465169781716904
-1.09000846047669
1.06133994623912
0.849782193655893
-0.281976679317169
-0.0857001800265839
-0.484074219703709
-0.694549592288116
0.429659620770047
-0.731775315635231
0.959930564995499
0.967423981391814
0.52728989342895
0.128820221630959
0.0774474953997316
-3.05866240402571
-0.534398049449849
-0.677199092288933
-1.61636924121739
0.154751921183707
-0.793186388737
0.228621667648048
0.806701181912311
0.837837615996532
0.866167350808213
-0.594846761342567
0.130465186863506
0.946821589790372
-1.30576422116132
-1.8962858502436
-0.551550271875158
-1.10590117268596
0.60495761475574
-0.386753110426177
-0.828603072745202
-1.79795619849913
1.27618259046209
0.839566172165177
1.67652394896095
-0.251226873319872
0.857336503293333
-0.133683123349117
-1.83472712225894
0.990505266162144
0.154813223077741
-0.528028528447468
-0.903996892487519
-1.47100824649066
1.34725094620912
-0.602584035023812
-0.236185346258519
-0.630212234727757
0.33167354648525
-1.11748455657321
0.579449040099083
0.31153373951957
-0.0155569503705801
1.19463319911075
-0.389876160317538
0.746327072065501
0.558482892094751
-0.553338832658223
-1.12406569838971
-0.125240637514888
-1.00868801416859
0.595097487699598
-0.180504110953438
-1.95308566394485
-0.883671283966042
-0.185465031073306
0.652706347142786
-0.206874233321972
-0.909877447913604
-0.630510356189878
0.337298283292881
-0.824753128183774
0.371389480869267
-0.308889248777299
-0.624790523028748
-0.392806120936227
1.08964844607816
-1.45739005814816
0.225294215813042
-0.344353969631148
0.582288955704691
0.387910457102673
1.00254108013161
1.12454057870399
-0.868487813127829
0.780683270479337
-0.319112697878455
0.581184155544609
-0.270225028674994
-1.02381713260732
0.378454191325501
-0.341187348751988
0.0754470251502054
-2.59358208376473
-0.608564891790035
-1.48255646505924
-1.57867307970593
0.543895957090763
0.881608224065206
0.372996205792503
0.381244648827633
-1.07585929245154
0.388603286168991
-0.691958137377753
-0.689072352009246
0.0668504587263119
-0.486037616641712
-0.596270396594853
-0.524130348994301
0.806986148080329
0.743360889447579
0.562422207129652
0.324649745827507
-0.707283048031756
0.00460950737844774
0.0234561116067642
1.51751991271613
-0.138926471995328
0.396784196259021
0.561540325548948
-1.90289842421894
-0.672301374179961
0.129295036484745
-1.57624592760127
1.11151051490405
1.39293290587852
-1.66524779409504
-0.376668771084681
0.784655179003609
0.499670199988882
-1.78614462341791
0.0983902439088558
-0.16165127131483
1.06323663382859
-0.248410095979629
-0.950090404834831
0.0428098747432364
0.92364827436184
0.185455067839031
1.17761192284202
0.695011804688058
-1.6428612024743
-0.126440095986913
-0.00257540556360478
0.870834447594136
-0.115473240907633
-0.35714753687017
3.00884153012343
1.25552220826276
0.0564497745388104
-0.395908950366163
1.90231620040199
-0.0474611793312898
0.277516221254282
0.834401416670627
-0.276505865176359
-0.664254407616181
-0.34782284519491
1.95863748660159
-0.345327295526359
0.527389268186139
-0.937689871153948
0.142869549485038
0.953245171515958
-0.532022856117727
-0.938061888212915
1.40696958314487
1.38796630454579
-1.61571030452994
0.154670244344743
-0.543124728317351
-0.515174170345782
0.737628237684939
-0.131967302998798
-0.67444879945262
-0.109551059406314
0.205424119751506
0.787923849109932
0.40405209664838
0.579946695932513
0.468168031505515
-0.65574992759302
0.969304323959631
0.476964639916757
-1.74538324114286
-1.40535053887329
0.971796880676022
1.59953174331473
1.1188337762985
-0.11847521922261
-1.88979206368107
-0.320721598728183
-1.2707260257037
0.928070913767411
1.10852273388453
0.141864249713316
1.12152615863889
-0.736758412609902
-0.0846247063767101
-1.15286377354511
0.40699435584598
0.126934193862324
0.00113465316022188
0.641847716464769
-1.43502530331854
0.301288338684665
-1.04743187035782
-1.66705656221076
0.384998628828766
-0.21085335578139
-1.19298724617137
1.30411318278514
-0.943347146759714
0.017232483511046
1.12051807081979
0.744547400423747
-0.284405601608921
0.835943625579104
-1.24623553489624
-1.1610728274244
-0.431165797867667
0.204196755502629
0.636173577022012
1.28087331660058
1.77349616009541
1.32682924815066
1.14177071774226
0.191055871163152
0.67718764490559
-1.03294792970032
1.01872660751669
1.13738440225544
0.277819458259785
1.11443575501202
0.923991714209387
0.977334198935611
-0.098882512157322
-1.08598068802791
-0.544725394137133
-0.145992932315946
-1.17611484086149
2.38939531340569
0.100693159961226
-1.66862735215575
-1.29809172585268
0.240533415774241
-0.536488539270438
0.685340327070312
1.29613660664596
1.53182152853339
-1.7173586465356
-1.23241568717896
-0.168948811716921
1.61967393742788
0.35433214503427
-1.18210646228169
1.03401245678168
1.11493339294028
0.389733469586612
-0.434258839362555
-0.888181879356852
0.597574009761547
-1.02740693381097
-0.807837147468637
-1.14705611872196
0.387277599691573
-0.0432846262734162
0.356852131373842
-1.49224492411466
1.35786453729818
-0.0798931451002813
0.23635134006542
-0.0947777792202248
0.178085737005176
1.20287511115414
-0.64968709149481
0.482951602022009
0.44699619480074
1.85029324208516
-2.42718265667855
0.904234639415099
1.1963505622689
-0.708641988104565
0.447710638207816
-0.0767644730922245
-0.211373218920628
0.371942933429386
-0.389661941451684
-0.294693385713208
-0.730967521165913
0.704277824905626
1.02380313847807
1.62247224995382
0.333466512675836
0.7041594013296
-0.313156657790445
1.07746716450947
1.44011358474385
0.439699341243911
0.164451024231414
1.58085809074041
-1.89553275355339
0.471558163942646
0.385705152558185
0.268301121339201
0.716228903344485
0.0203857036838303
-2.11760548659387
0.427195831307513
0.0625664564986374
1.82860076653896
-0.905738588905043
-0.915576618874867
0.167219900588614
-0.459429562736753
1.48257568027265
0.340153731930729
1.23790865958161
1.11940697643411
-0.587390269697173
0.599704330638552
1.17504418154154
2.03856723609581
-0.0465122258845264
-0.646911487959295
-2.37206513501784
-0.342661603982594
0.707678430707629
0.547045707331812
-1.90993119579656
-0.298048889945116
-0.499781418104593
0.830428903653224
0.202570305785918
0.591796552997827
-0.130398648564361
0.644252033689065
-1.03314884736504
0.478853042130876
1.86746274625724
-2.85242353941524
-1.00891205539044
-0.429251768547374
0.448290966894136
-0.788130707070974
-0.383543660314355
0.720448128816358
0.201828799528971
0.0888064560289916
-0.000922745004121657
-0.570584572291051
0.368328861873995
0.268754496596521
0.516400085119873
1.29725745926573
1.11530424436162
-1.2109710915397
-1.68408710504493
-0.446527832330031
0.123745261906145
-0.359010876209711
2.76345502460036
-0.162299523364163
-1.25067343701911
0.436031814861751
-1.65510478832843
0.837718082201071
-0.602531112218325
0.985771185971009
1.1975155259882
1.64460366485102
-1.40144113621264
-1.10644486219069
0.690487770744486
-0.593355282370114
1.02508354640361
-1.86178379339278
0.464782028192721
-0.4697593640381
-0.556636979052741
0.552559395160063
0.496075848361558
0.509732720624878
-0.515809191323516
0.0632519126824355
-0.282266246255693
0.372626585710772
-1.67632170363153
-0.480348097934376
-0.0315968041085504
-0.651041343145442
1.31689738435013
-0.455102197490256
0.235882592380793
-0.76350481888377
-0.657931486000415
0.626472342849817
-2.15621872199407
-0.841686246973847
0.306560789349438
-0.223615200947839
0.294649784328286
0.811536750521223
0.0560811400078515
-0.577355618525617
1.81148916980937
0.848535409616393
-0.0878835922385875
-0.237517995615731
-1.59348384211924
1.56882293050985
0.327211388079177
1.54908481148416
-0.622797588935908
1.17510933276134
-0.157505467825502
0.545796577060018
1.78914951355881
-0.562305948896706
0.715592558440813
-0.436863296064898
-0.170841157526335
0.513221006322941
0.592637093005541
1.30042836856304
0.436429590382661
0.52067000206302
-0.863176012946058
0.681565150813285
-0.164627246008901
-1.62893347858451
0.916760124536678
-0.62381572184091
-0.932394777909782
-1.49267767443104
0.714827830292982
-0.643190900144276
1.10287705160659
-0.373302170177807
-2.21294026000263
-0.660027613932388
-1.06416858155523
-0.0763737176072262
0.344539917290424
1.1927541610854
0.888906178317372
0.81003489940476
0.436099352068593
-0.63723609551797
0.751094965797753
0.386525882730437
0.980255887334092
-1.10324873074269
-0.440614239436246
-1.19615641972964
2.4502677414818
1.03850766202223
2.0015767218073
-0.06447578831338
-0.0128710390709684
0.608393375734715
0.403910808611415
-0.139328711158611
0.566589516800489
-2.04426657624377
0.173330420952219
-0.455052619080897
0.0763468943553562
1.87856902684872
-2.14304506732436
0.4580004930414
-0.102351806560452
-0.126630947338082
0.758716618603869
1.20480862414297
1.50341104865741
-0.154908260226702
0.0287848544609403
1.04315634263958
1.16369751719118
-0.069230593705153
-1.60448502412548
1.34474279477558
0.259797286268324
-0.721734269496278
0.976228244835464
0.615295257640663
-0.920891687095292
-2.30376689421346
0.725063714335069
1.70479750188548
-1.10993350386857
0.621456017756102
0.493090355506482
0.187226546055474
-1.80057370205412
1.3536669834512
-0.032493827942864
1.61640348714216
-0.100530488454966
-0.142290148337987
0.020766955022572
-1.67088198219996
-1.58528823537761
-1.09971261129983
-0.429376064060262
0.587252671119992
0.580111651746334
-0.736979692120865
0.939243509764005
-1.37545905249992
1.16879136509813
-0.26345138967569
0.0615421859009741
0.747785979058541
-1.35099061905603
0.194516954636518
0.925714431800127
-1.34235505773136
-1.76559141150096
-0.371698513702923
0.935349656688355
-0.953776094175746
0.80455828782899
0.980301367761429
-1.32883240800949
-0.454766256018375
-0.237776515004091
-1.85438920300553
1.88213122872853
-0.599140892160141
-0.329381729922301
1.72469630070884
0.424272407607988
-0.606175942388082
-2.04335106735155
-1.22906185969536
0.584869445974963
-0.387385689104548
0.21283907310417
1.07077080765509
-2.19801704579144
0.973132154733326
-1.14212470224931
-0.65449553431886
-1.23514863449482
-1.59977488575228
0.494194238212433
-0.229526836987771
1.33224521590895
2.18362617357019
1.08939453307909
-0.823467429858259
0.70875725036396
0.640608749467693
-0.080383482180919
0.180588171351174
0.292724323617165
1.66994796148049
-0.586457303244385
1.62040509838846
0.120777995596783
-0.940860407781163
-0.077305638408267
-0.767420715711705
-1.55520519965869
1.66501889964502
-1.41087053493779
-0.049981429558968
-1.84766427243266
0.141444349380682
-0.402471361489982
0.877964475905097
-0.098515566248756
-0.0986161928586165
-1.01220898170753
0.888394927519587
0.477340660776175
-0.120354094218257
-0.478873565622656
0.164497325936649
-0.963671760782468
1.49943772199015
-0.747297895941759
-1.11746741159237
-1.03777736814965
-0.247963855529628
0.249557397361921
1.08258247474887
0.806377682355716
-2.07589964784186
0.263180514913094
-0.231082251431443
0.921349489055169
0.868093211040911
2.98581468940652
-1.17520038425901
-0.281264064897168
-1.82199651848732
-0.605063532315098
-1.36950082556371
-0.763775374978015
0.138089510638137
-1.12309433367388
1.66288888080402
0.0933373105716625
0.369732476847549
-0.805323837611622
-0.706193596354809
-0.371637156308389
-0.11224289137938
-0.196213028394451
0.108494236275258
-1.32880259242113
0.0404961063010359
-0.0399423921198426
0.572416370370822
-1.90565279422426
0.242165414195719
-0.153818685848683
0.0700047729924128
-0.564109270030709
-0.286709814523154
-1.01837592475234
0.834963858960152
1.16290030289387
-0.703281764915995
0.47830503899269
0.35398102139425
0.146282646825946
-1.06325587228842
-0.0404058309280758
-0.0916065804640355
1.42062360055234
0.242252437478947
-0.175633938092666
1.25020614499839
-1.45084283996289
-0.502066415454326
0.489917813547154
0.295848827905038
1.72922222280216
-1.2390838477218
-0.583444993325373
0.712573956979514
-1.07019018470051
0.913180134512716
0.543381661031625
0.197571386152538
-0.666446095446616
-1.0923734148725
0.400431932832312
1.01334497994505
0.778723260113672
0.609252443932607
-0.312107634480997
0.532540482185071
-0.840076556721492
-0.115336089013948
0.00509342686429112
-1.71347652878561
-0.454102202732258
1.08413125848007
0.18467832175527
-0.24889494182507
-0.973934763642488
-0.100051677176597
-0.524135112968448
1.75194145136579
-0.850807149070575
-0.476317035630266
-1.07852090040326
-1.49649524668794
-0.283507306451421
0.522373804979729
-0.458450683210615
0.557393776861604
1.23960730777467
-0.654999868067644
-0.963974460009699
-0.732532041192777
0.286546442927808
-0.426156485379745
-1.28241358136966
0.648415924619881
0.497589747837758
-0.885909201844466
0.728968451764689
0.915984344008308
-0.616177154134464
0.76358751442385
0.924819815476654
0.247797363397376
-0.803699199716764
0.277420169689317
0.693782833562149
-1.712755245559
-0.798915690111129
1.20615777724594
0.198379389434499
-0.912653910074522
0.193477464439006
-0.18626127842142
0.692654741030316
-0.646311175962965
-0.156683608922302
-2.02174899415336
-0.697162609647687
0.670895070122591
-0.0039709317819927
-0.329945637346563
-0.245438071647128
0.541812488486889
-2.42563299219829
-0.799483551056337
0.660727020021255
-0.898578026644824
0.730125789979528
0.342454429832791
1.30064078002383
2.12878793971427
-0.0953043222434494
-0.158062014803985
-0.899032031807926
0.471599612896854
-0.912414081767451
1.72794419814152
0.492198745190702
0.247779027914514
-2.15582250055705
0.936665998839076
-0.989284249219604
-0.0160876889229736
-0.809374991965302
0.627223360215539
0.320654821647452
2.82575128256367
-0.258641081185896
1.34663446929467
-2.14931631497597
1.4304081361757
-0.397003357605077
-0.00821753298461615
-0.0784895825864848
-0.0344548126540884
-1.34100118184238
-0.983282635762674
-0.00401906867790771
0.289222610146619
1.04080120141529
-0.502506828213954
0.933635660727744
1.3219784604189
2.28930071370585
-0.113553664628669
-0.250215904467469
0.664285549640346
-0.432319110763995
-0.287293989316238
-0.843181926893522
1.50927771474783
1.17084045903482
0.736635811711769
-0.344265791160597
0.163198474545325
0.603307859245541
-2.37211258331347
0.656489804909107
0.171223959940758
-0.663139026901711
2.0701780522972
-0.00808735810666689
1.86456800728435
0.690084795540232
1.04216105737234
0.085482729493185
1.18341880391704
0.588618092667055
0.125309049714212
-0.79145001749479
0.0335312463591699
0.410810081986979
0.131009478918373
-0.29930571384267
-0.5318895353003
1.34336240090596
-1.34817231108036
-1.29076929580477
0.778005813186898
0.401995715694353
-0.74671905245756
-0.0271381618320642
0.577903102684111
0.256146228861612
-1.707181150031
1.09522566168123
-0.292307525820876
0.0424456918366526
1.64772011617305
-1.31781718012551
0.867950816627916
-0.149004419729955
-1.02026793931783
-0.212671786780904
-0.600746596536466
0.806829238676379
1.04560370880508
-1.29030080181056
0.501133425592947
-0.402988594797542
0.309865047678184
0.155686483388278
1.41113780604413
-1.20531923296267
-1.01606751524423
0.220619120656956
0.168476004283395
0.35931378833363
0.596222456966666
-0.405735732301433
0.117153255530174
-0.0626028245803711
0.498914752169096
-0.697862565546091
-0.192806876602757
-0.755871670254296
0.245034165627974
0.877165200848383
-0.0188383001412461
0.470345247561539
0.332806568199975
2.24227222264086
0.69845896205581
-1.86010540217376
-0.811460115674947
0.121567943815141
0.342072045013607
0.63699166761534
-0.0373620685765585
-0.871341051906188
-0.270814699492703
0.102836749229611
-0.301653380460907
-0.214292645276071
1.22954484308787
-0.487126795102536
0.101754756382051
-0.355417531979234
2.69058700646059
0.191824137370612
-0.949643647680019
1.97141091392695
0.282021828001438
-1.20576221531831
0.55925754451591
1.45134368646753
-0.447636356158655
0.854326216054442
0.815187340376208
0.0951758722247924
1.15482323393952
1.52313344355402
1.34070167263017
-0.446440942797149
-0.36824654559433
0.192640286375119
-0.978141889313708
0.317887279139531
0.876042290781357
-1.24529970404169
0.4251020352946
2.59887615766145
-1.22437649059708
2.34123094394173
-0.437715232549145
-0.0569537769651135
0.42729094940991
-0.635041833583145
1.06945298311148
0.293890171528345
-0.505014488453842
-0.00399073823703169
-0.671855360919172
0.177081164078606
1.01552812696277
1.1802117252969
0.0849643288090082
-0.456401294628173
-0.126104717312389
0.389064809597562
-0.844085191552264
0.449639768628656
0.107586659852017
0.612712086543865
-0.282935441597862
-0.269200618676043
-0.0664436463233308
0.337939123657052
-0.745459458540408
-1.39517859699923
0.716032844201517
0.4956961562966
-0.835448098094372
1.83242788126612
2.43591288279101
-2.67017963387324
-0.778041633404478
-0.956920407734358
-1.04514968976056
-1.94879774413334
0.6193412875637
-1.83510696021357
1.8542484447472
-0.680523301583866
0.0886099902553672
0.294468949174537
-1.3272213531235
-0.973596450505761
1.57793498706867
0.182696348188099
0.777374586727126
-0.249873497971747
-1.1939910713047
0.558031702785743
-0.774884709802691
-1.06640638611254
-0.633752278874445
-0.0370142240085481
0.00277050202205242
-0.95814500673474
-0.894716057334433
-1.48782904973979
0.481306627164502
-0.640007977931656
-0.994420998973769
-0.245552205738271
-0.162819491267684
0.776278181320791
-0.668659710269896
0.2070202201927
-0.804388676452073
-0.653502756909116
-1.15979168247878
-0.235596218776988
-0.548682370063946
0.519946258767319
0.250062567610843
1.36601105149061
0.892020208004232
-1.8049518351329
0.295811978318886
-0.280656592382924
-1.11787467624195
-1.33842488206875
-0.70408049014325
-1.06365524894393
1.36521694491703
0.587140119403365
0.0631464898562313
-0.839058397730905
-1.70789602264229
0.234659748291094
-0.777785399142057
0.377392880070462
-0.345886559594299
-0.920037223427671
-1.42691858914653
-0.305528550772788
0.390668773944037
-0.142435551879582
-0.937320803565167
-1.59934475159147
0.0791141956451592
-0.777190925889525
0.0231808834391089
-1.21376709028117
-2.19712999079747
-1.12029453374528
-0.510828357587629
-0.00249906080399939
0.150017206235234
-0.696468803737133
-0.16246919810276
1.65600375691047
1.06074803458419
-0.885655065659803
0.24592535972937
-0.715860175292908
1.00159117565453
1.65667762699638
-0.696672467010025
-1.04343441260967
-1.15311756954462
-0.185368705488368
-0.810718140412882
1.21112451348967
0.387181683971159
-0.431519189079057
0.995483134867687
-2.26960993551109
-0.467723657829107
0.244392128438887
2.07482518562067
-3.01336123541301
0.313699302005441
-0.0311915483265625
0.0800773585062028
-0.224197566755984
0.394234256950201
-0.854450888602602
-0.870945061400684
0.430255016898779
-0.675865058319519
0.0861091288751852
-0.362945673284954
-0.156389320455194
-0.128651306237156
-0.278854060095593
0.76914271260188
-1.33570405815015
-0.347020360974858
-0.515973178941653
-0.673174902198906
-1.67231912717777
-0.247648125963043
0.142427620753912
0.415412366295039
1.37169923375506
-0.426350813878791
-0.603025004536818
-0.0368222756032267
1.92977792700809
0.919941457003256
-1.13279688008301
0.104382274641068
-0.0780335987736223
0.79913706782755
-0.45498508583641
0.125103068836251
0.0846015623349587
1.08188428502486
0.702335169051193
1.28450934938956
-0.903065516385939
1.04305394547866
-0.45191547555659
0.448277731727713
0.517917638260358
0.679539188839886
1.75115441721542
1.9116881970755
-0.334759774643929
0.998220897501714
-0.0457496700886409
1.45773845427641
0.398864163685083
0.420091915862214
-0.0380302440952256
0.4364841594306
0.405564118583965
2.97559746635293
-0.481054957651279
-0.18676865246143
0.135376136147081
-1.58164859787858
1.06113696668408
0.722820877241264
0.0415533278629274
1.23714811980901
-1.26291553189036
0.547331319635891
0.710045000044578
0.400518444383172
-0.213287673954519
1.2769572484907
1.08864659478696
0.324067733357754
-0.131066621389169
0.58668550979261
-0.115882060392238
-0.609859422953323
-1.56808892624644
-0.436026968586894
-3.06262893869985
-0.636146994254664
-0.44971837670355
-0.436887973966201
-0.192078861608469
-0.11031144358365
2.8305235317902
0.586838375731856
-2.59986303624203
0.0890666500218775
1.53809003736005
-1.26547517390567
-0.961489247143726
-0.239585234433504
-0.17351096377305
-0.799834838493648
0.601182830245407
1.17661414102686
-0.244945819061293
-0.583678494524574
-0.25638209119449
0.517282187328151
1.73436453345271
0.379345822880647
0.836787747682104
0.669496391006994
-0.168679525893997
-2.30238207665804
-1.18132831719059
1.05929865023235
-0.966168176349288
0.37120344823618
0.0778928331601994
-0.00636728399086035
0.0438401092983476
1.23690812923737
1.49642227325713
1.23077369918362
-0.725981375582944
-0.275630983979784
-0.402108138739107
0.377471136483049
-1.75274259761037
-1.7738801246186
0.0956783738778741
-0.625917406622431
1.48759641621944
0.991439080324965
-0.1910465133321
1.2811367679965
1.96291949104212
0.759960157844177
0.369289432118104
3.01979156689169
-1.25333342384942
2.95562898768156
-0.880351338593096
-0.0144934788911045
0.636455071550931
0.780987566515573
-0.816935323374719
0.945478201640671
0.812533334672297
-1.34698949720405
-0.690692218011902
0.249121295522605
0.304711545534687
-0.749315953453235
0.939910244026879
0.448057639871475
-0.393496369345523
-0.240023100366613
0.827107093476304
-0.453077693988966
-0.015160693474016
1.5375342047066
-1.14224790339931
-0.024987188451418
1.16582536839726
1.10566582443574
1.39311028404199
0.218272802475715
-0.0392151994648104
0.517380529935116
1.68844384401904
-0.506991703940076
1.65461343192268
0.969804845450302
0.738889156357546
-0.305591641263657
0.145224274781907
-0.918256554147512
0.83572553423906
-0.176353119072901
-1.66295876689369
1.0461921989773
-0.807462693494955
-0.366032771391818
1.03839889782396
-0.224807821239494
0.599349976560059
-0.191550708740098
-0.0487934053718792
-0.234603672210558
-0.375130029797895
1.08263372764671
1.83676825204467
0.603528040296638
2.67385261225387
0.493993268393108
0.680086666265387
-0.0795100012584454
-0.185137946172835
0.398669707903287
-0.430311345913309
-0.760656935612277
-0.346505785667186
-0.201549988870499
-0.323841178716986
-0.1178143090884
0.948006547990808
0.201805440026405
0.891276608636311
-0.165313492611023
-0.30772762900163
1.05167773816886
0.408367025218971
0.570688840726907
-1.58190774496081
2.18108521317677
1.00831399207718
-2.36285815351646
0.435175678008189
-0.310121244085172
0.792559393738733
0.316859377698873
-1.17983652871836
-0.496376965322773
-1.44629925347241
0.539737372759535
-0.877670609316045
-1.80796316779007
-0.942932927305212
0.090415139055238
-1.29060938603866
-0.907513467545445
1.76093449831755
-2.18056234962073
-0.0587182426436091
-0.312923694726018
-1.21507947883673
1.16671928255172
-0.799896680311126
1.7038724983664
0.823613611949479
-0.828094626256071
0.693897651183906
0.83608065051733
-0.775806447062477
0.459833468101517
-0.335789066039135
-0.131877685118586
0.312855536143237
0.596476148252042
1.86369661615575
1.65025557544895
1.05334093285569
-1.79164109247913
-0.983307344614595
0.105963416101639
-1.47086835532284
0.577979528270863
-1.2925151565764
0.145987229746869
1.82301352808024
0.878595698423125
0.023461922779537
-0.254536031897256
0.874482683047706
0.978476432240741
-0.576764864992577
0.069805896101168
1.25899130061448
-0.714328634523309
-0.956221195621868
0.954689090414876
0.635025249148299
0.771893984168972
-0.150110888818186
-0.925489856768033
0.176192009744101
0.74023376008033
1.19518916294421
0.0671064989828146
-0.613294438127656
0.15056807027396
-0.216168540778946
0.0170907229856394
2.45790250693046
1.40771415227184
-1.98846800613055
-0.144935977790261
0.966361039375805
0.0912917400916133
-1.88214436346468
-0.794655580875516
1.622859130966
-0.0747664741784208
1.86164597590574
1.64376346958896
0.654191256450281
0.746107137855843
0.436745396219372
-0.431355191949544
1.06853920679627
-0.671756623536883
-0.842059715115789
0.707167092022695
-1.0035122787635
-1.39023773007954
-0.621892818835475
-3.25225950403031
-1.27222965051022
-0.0936856449287157
0.636897199663336
-0.511614874103638
-1.2812938770936
0.0298713547127367
0.444549415704956
0.231255696666924
-1.75704148410061
1.09567280212676
-1.54712467169841
0.733868397731207
0.0210870585437644
-0.380099248518979
-0.109647394249726
0.590115507960761
-0.720283969192728
2.05535880009638
1.57296420494384
1.96979386147142
-0.12290102086831
-0.199617487069229
1.40717552307285
-0.489249110287923
-1.69842422619397
0.327589161691188
0.506899257713212
1.24937041365851
0.213402560766798
-0.69400333618564
1.33788008859816
-0.746911934885364
-0.622733315337024
0.693677949936837
-0.937168938267375
-0.299810742294897
-1.49118976767198
0.293932327763712
0.640106394180492
-0.758366282180219
0.45994332412863
-1.78646341202403
0.804519559077304
0.228221270203297
1.65587181718622
0.523724991380431
-1.27894250422815
-0.23975486529865
0.0839763126206297
-1.41703922184069
1.98680300494022
-1.69784791089886
-1.25041034549047
-1.81931631822851
1.65120266921585
-0.0259706432919109
0.017873554317216
1.54451056671401
1.49588842795505
0.895268788434326
-0.682762023904831
-1.59579909735749
0.657394689493039
0.937107039646063
0.316199462532806
0.453119851321245
-1.16667012924902
0.189182227512839
0.167244850929198
-0.745007004295502
0.390085140478045
-0.0734079043651657
1.74962641069679
0.146243876835332
0.913884462213269
0.935627664074047
-0.352963303623998
-1.4976706983341
-0.861515640787053
-0.492289667843607
-0.530026921516768
1.12969378806108
0.685614328974104
-0.857367422812495
0.175880061275925
0.327274583841823
0.468070111643758
-1.47387538491367
1.13642721226695
1.05424749655939
0.468454040373031
-0.213367575662887
-1.02522204528628
-1.74977078361326
2.37727621166087
-0.442961098826206
1.00246252173901
-0.674765621867223
-0.191991693512175
-1.55688228205426
-0.542025143256713
-1.04523455706758
-0.0653892766114423
-1.03432878831557
-0.543378867386751
0.45644043447855
1.11187709507686
1.01769816006899
0.925900100274483
0.773389862022396
-0.061670931943509
0.245916926333108
0.364576630440916
0.108473443007184
-0.941787727180297
-0.694540828568133
-1.48278675146981
-0.370456750823325
-0.354534221154998
-0.125318318246507
0.676173160168804
0.288342567004807
-0.714243288645987
1.03694783849384
-0.709182431314018
-0.458612031467692
0.757767599166764
-0.392717437568
0.103560524358127
-0.496014495127581
0.752551093465961
1.72213985325104
-0.635454983724055
1.02786291497745
-0.528881141304745
-0.183659254967256
1.25105224435305
0.877083254347258
-0.243751295724133
0.0433304357069546
-0.270264289578783
-1.27540425266743
-0.59873462411033
-0.272070331414792
0.169947785924947
1.275726226471
-1.30659446037691
-1.77228659039769
0.646778961011491
-1.08605999772965
-0.962273673710236
-1.61385048447554
-0.641222134291751
-0.0643296552506734
-0.69192042904742
-0.430691338435156
-1.38690582123069
-1.1906916396272
-0.577750013402974
-0.910862666034541
0.571012985964203
-0.103650798320815
-0.730150844137493
-0.220317401924427
-0.667153237067165
1.13298582534989
-0.276213834625521
-1.12781376137899
-2.01468547945381
0.908217969767458
0.0281017691042511
-0.286217966508688
0.101062921688791
0.550139075621602
-0.212226120261685
1.61603909985571
0.952170178535383
-1.2253576257489
0.455894409408022
0.270730374686341
-0.902048001516202
-1.49340127817052
0.355165926811015
0.0737901145296164
1.14720188354184
0.562914889139267
-0.972931049497598
-0.907266596994948
-0.143126983177543
-0.828437892589065
-0.706055237851497
1.37383225058533
-1.61312692945332
-0.564946683271394
-0.507430931573092
-0.942462292135878
2.11288197548766
0.951672756236661
-0.221960813337455
0.834360360593184
-1.96241187728963
-1.42957017483441
0.0623365324515335
0.214376584623083
-0.191566079946503
0.46469455286179
0.321323898205599
0.992911474744753
0.884322360109772
-0.630427385667827
0.308716124701755
-0.0488201942900877
-1.61185376996219
1.04569215218183
-0.345950209346847
-0.310471945597602
-0.689394917699372
0.012649101539409
-1.75066889094331
-0.150841845463856
0.0980210573947469
1.03824721119197
-0.765143455927744
-0.42874753501755
-0.0883172986519478
0.586767161531104
0.936504681209541
1.43538723674682
1.40938605017744
0.332431424292194
1.85612604664234
1.04827127510347
0.283809821319595
-1.70176895503738
1.13051992677935
1.3903739946724
0.0271502360186115
-0.620887822994076
-0.349751465199361
-0.39795512036816
0.0493056730200332
-1.24452965958924
-1.22339940954667
0.824268058561122
-0.0131406048649311
-0.780523129683651
-0.955666160818269
0.502533255076787
0.326922424024084
-0.39271361645925
-0.158417302037093
-0.26428619605792
-0.329959548367751
0.829249554354396
0.832671597085236
-2.15788628210173
0.470101713726316
-1.29153301089708
-0.359821357582329
-0.24701921855314
0.298171839588503
-0.480987827408534
-1.24149670159137
-0.417912002905055
-0.777863437167665
1.00130453839628
-1.51128301888795
1.59716349163515
0.527335317503941
-1.81999372984866
-0.476777051441978
0.431910389024353
-0.769340007849888
-0.457468961191568
-0.828680460839052
-1.00657245221106
0.0611832846370662
-1.55602903861897
-2.18119518455356
0.733409266042379
-0.467978508572916
-0.233607430644818
0.74949811892471
0.102116646828691
1.08986150747814
0.143453959482791
0.853542292454554
-0.711939234227609
0.306995394712626
-1.23760925037662
0.127010326301293
0.441879170555896
-1.26277518334206
1.10421381027856
0.374835740745558
-1.49071885956198
-0.772076836825864
-1.75910396394421
0.485071415050863
-0.315615652079969
-1.38017711637575
-2.08486140608129
0.636043906320187
0.413244794175322
-0.399984511454087
0.214050875339312
0.597191569960442
1.26330981737095
-0.277553870492436
0.220741159292613
1.41857486618548
0.544241024301579
-1.06532268422756
-0.424062913874936
0.114564508287598
-0.000770291040019405
-0.14815972797538
-1.41517193997184
-0.978223605058492
1.03816516564793
0.20116643915592
1.9591762869108
-0.746725461718332
0.464446600728445
0.8079866858556
1.02534853581624
1.15863636143324
1.22445981886037
0.642660547744869
0.600704781767056
1.64860880924776
0.83122219664222
-0.132502913557733
0.7994953934864
2.64344644662495
-0.39842358033099
-0.33079676184338
-0.357565025000788
-1.21503659357994
1.05892929856184
1.63082742068752
-0.508646600474186
-0.63563026807187
-0.596965453909271
0.177390784226154
0.167099781437931
0.230615109608827
1.70717803685328
-0.551539965240291
0.0712764970219898
-0.930116788318068
0.135826256258666
-0.508194734455611
-0.177992552027922
-0.39731748944558
0.694581399365754
-1.13811191163852
0.561207026010541
0.523164409119837
-0.125812535456855
-1.42317667721459
1.61296849300339
-0.198064678807617
0.550715490357536
-0.740741831638135
0.660361482566803
0.54242561208308
-2.09126396966638
0.118355552349143
0.779259494144709
-0.473628719510792
1.21327734477204
-0.0228706191123096
0.954466303927495
-0.888946186492811
0.536241812591383
0.17331984166581
-0.963211680539539
-0.40630714540316
-0.140060449665741
1.21424210128678
0.689486846974405
1.19725679273324
-1.50020955264822
-1.10921929643084
-1.80873325683974
1.12435607711125
-1.99886419522705
0.551639981388457
-1.36533597379465
-0.880572237897489
0.688262366778065
-1.88674350689115
1.06114076855935
1.72761568599663
0.717255266310248
0.764781321945429
0.451982758570174
-0.555278371869823
0.300680877427219
-1.25775191389852
0.140064352118186
-0.509872025199513
0.433308153097834
0.273618528533973
0.390086709533196
1.03276646209224
-0.0764200349088217
-1.6535708486284
0.955612222900205
0.711090985834688
0.535506425987847
0.289798666395155
-0.582339426146728
1.00462125376855
-0.559181128456988
-0.261185918362572
1.82145256681047
0.123068630987604
-0.732227090415556
1.33805419623681
-0.361608843673543
-2.55933082560107
1.36476059246885
-0.559847351722894
-0.360381155225679
-1.76916478199331
-0.620228045183451
-0.182444275237206
0.54672807661442
-0.41597121918964
0.245435408083751
-1.88048868056201
-1.15510941424571
1.21854121989071
-0.562069386784836
1.17759271077589
-0.224136552432275
-2.2079065451162
1.63935856068648
-0.645192334252985
-1.17092965579564
0.804561539338262
0.261281850430724
-0.899141970131304
-0.80234939041176
0.285741936365806
-0.842494398779124
-0.859184674666687
-0.324006145895357
-0.219736611857786
0.581820771858227
0.5615939206249
0.762720671909372
2.2179192635671
0.636610578016608
-1.7153308340163
-0.0449764490393067
1.02442909484044
0.993998652550967
1.25601911605035
-0.668823917518645
0.0148553465172247
-0.164026165129446
0.632550479176927
-0.704699690958633
0.753249825380346
1.27751101737716
0.252147742856687
1.46845696015398
-0.458568133937012
-0.985685015100905
0.973321065355402
0.214728141765479
0.0334387638857153
-1.66225812433108
1.06116736784848
0.31569380809401
0.0597211124948938
-0.742335196529561
-2.18749919315114
0.705355931487416
-1.46215775859397
-0.699939674936864
1.84337439399591
-3.08093967257834
-1.10124217375765
0.974061725644839
0.143785322709266
-0.265331878067822
-1.94351805679415
-0.180374051275834
-0.315580771238217
-0.175422714204335
-1.52292126805859
-0.21326417303856
0.34715272613859
-0.455459040531772
0.396588667148652
0.913083142079254
-0.698031864261852
0.63346969855423
-0.514456352859899
1.40077593771934
2.07695058560534
-0.00516795636394862
0.874925074323628
-1.21991689557398
0.303423688609435
-0.979742112881372
0.72667132731583
-0.00569049813069002
-0.74664311166651
-1.25152394858052
-0.407457284196469
0.117474306033094
0.305200461809763
-0.0945934008956145
0.369192113360572
0.793275047911661
-1.06759798488947
0.659254621562283
-0.251202667543349
-0.382120323820142
1.07599004735434
0.306702062497429
-0.0355926078337362
-0.18935368743133
-1.12922295780529
1.26322955341223
-0.271322622888437
-0.904455769179461
-1.49085124668484
-0.286997216804707
-0.503203800337806
-0.231995596234732
0.102607045104543
0.5402827765369
-0.664943430326485
0.903659495108701
0.252769169465152
0.449913900298289
1.43789653501884
-0.0334360435801175
-1.28653347418625
-0.827922755085673
-2.0205776090718
-0.912601027736476
0.58478578837159
0.803641923179495
-0.154391556358626
0.297220494265717
0.193499043159946
0.676323144418945
0.573210199713771
1.38811237547029
-1.1916711234685
0.184922243056837
1.78710104046391
-0.345906658081353
-0.153902731052876
-1.19208400800975
0.556742479572961
0.166891787468308
-0.337459556438415
-2.29954042105322
0.34721218231713
-0.70550055873877
0.511786540723536
-0.922685529342937
0.276692299753981
1.16150620186606
-0.982750273675363
0.0742002561300588
0.574380626955616
-0.470645742576587
1.95827754683073
1.90884324367672
0.124099968066389
-0.55455060302689
-0.616278505882223
0.240340811135968
-0.505864545528583
-0.125756637834673
-0.154153907654512
0.591109487196903
0.147037266163754
0.302046594196348
0.0493364030045428
-0.75302201803909
2.28137588427744
0.7663228974299
1.88431748014165
-0.160048100957178
0.201291051518468
-1.67934684874771
0.315335013119372
0.787716669654093
-1.71134046169524
0.145710052540797
-0.206998587118633
0.226041782894183
1.47184012581162
-0.688057305539199
-0.55389670405845
-1.34436993259529
0.0321928249323655
-0.201450436606489
0.134419734155322
0.502985336352197
-0.28559712046735
0.315736989099425
-0.164041825768202
-0.718802779047273
1.30890644777185
-0.581183706663114
-0.0091106487794046
0.113089270347471
-0.427979066276621
-1.69041046475197
-0.491227456601418
0.712046811333834
-0.752401723422196
0.140621720540926
0.170738606824661
2.05857843662445
0.392585558998005
-0.354831261800846
0.950672553724195
-0.68504609232496
0.373983860318882
-1.42626091066863
1.16531511043792
0.0393822494285458
0.141775766819023
1.80399371000591
-0.560351664582713
0.352507496199934
0.454951040237218
0.112973276766224
-2.0276750456918
0.606453750420856
-1.18632062707188
-0.0515716553412466
-0.199761065417831
-0.402509979148616
2.74385324604707
0.264550928291069
-1.06717615145166
-1.258790677427
-0.281403292564877
-0.654357558019023
2.01807626352306
-0.269246941305456
-1.70814179963523
-2.00638989891719
0.566907943303658
0.645847938325215
0.0164858105279071
0.735491411103675
0.453008663789153
0.997689973784122
1.04648026610552
-2.02638258244151
-0.194875221709167
-0.00311184215041185
1.40569316359791
0.180698424734125
-1.17173483482947
-0.0835858646864351
0.6557028413652
0.833363726100143
-0.297559434341485
0.0140875074158484
-0.75219671186161
0.735462997248821
0.781240113437452
-0.272170305471739
0.977923716638873
-1.50861440620082
-0.979817316030282
0.950155189120734
1.3439145779815
-1.88864985008537
-1.21978977460788
-0.226232387397646
-0.306043101202903
2.31504637365637
0.139425195334954
-0.0602512694967896
-0.43551394619656
-2.27784875510149
1.28751703704098
0.988534657310637
-0.073658617029592
0.297298985595367
2.03851468648044
-1.42717105575139
0.187327022099053
-1.05252226311733
-0.255633289381475
0.455144787681877
-1.39826603957904
-0.626470629741854
1.27332314436263
-0.316903628467864
0.57212195962279
-0.60989841538616
1.92603424405112
0.900712144978345
1.60148735271101
-0.313404057144487
-1.12182535736489
-1.74731350241535
-1.98787780080721
-0.202059901508178
0.177205564620709
0.443545999179012
-1.15697974661284
-0.0433582945204679
-0.297736129905546
-1.78672952643548
0.191045358265287
-2.85628301377153
1.35047800742129
-0.351061387010044
1.46208204399251
-0.610557599146752
0.948246923236798
-0.731566807019874
-0.984878181229936
-0.682539683490725
-0.210403421228538
0.530257515022851
0.459808507339618
0.630522639146927
0.488232128174437
1.94923437316177
0.991629209119678
0.269301366314267
-1.32304262766777
0.863103069859418
-0.67345036098234
-0.230007989245749
0.799797249854918
-0.432743186925172
-0.248302322172777
0.0570004668743885
0.288810154789099
-0.298744770917334
0.828376072861119
1.30692548718511
0.149092534109926
0.275222347532251
-0.991904845057754
-2.35691541328817
0.704450524600155
-0.876049935428102
0.643542034639649
1.25664947675308
-1.79312122669719
0.49922223340283
0.294969909174078
0.147900754497899
0.0846561537900101
-0.362479144042886
0.218510605310517
-1.06480099520633
1.08882182174768
1.4332269428609
0.196752256495819
0.191860123486172
-0.230777176382775
0.323031899565906
-0.235347596567239
1.3469231434401
1.25948053911237
-0.273799930688839
-0.385501509183254
-0.96693383276338
0.884732585719085
-0.192424785967955
-0.0589978331020542
0.0856514846177764
-1.78894053012586
-0.0841857922325062
-0.776621398721266
-1.09974394642874
1.44593342904259
1.16643643872754
-0.0102250527094393
-0.695332265600445
-0.082675459051992
-0.597053997993685
-0.835533058183785
-0.606877327397947
0.811034614385378
0.546879026600718
1.2012912809802
0.432725408777507
0.167047918999899
-1.48591732024388
0.210413171906445
-0.0224533007426537
0.235161750914521
-2.39165380155946
0.529518589695079
-1.32732790987478
-1.59381073969155
0.49480746250172
-0.176683105164504
-1.11868917758546
-1.48236916140638
0.862517508487343
-0.0637869616320206
1.53333638100722
-0.276865916310638
0.913084184389478
0.0589794139673001
0.712112598853522
-0.506312206393988
1.00675929995582
-1.61588287795838
0.41460197636191
-1.80088988011312
-1.17513769967946
0.134876959842511
0.380596193666532
0.21410059399123
0.16329814274456
-1.97922149520393
-0.601139066929223
-0.486878804371473
0.0803623127018955
1.38516954700139
-0.950136852737313
0.0371039845418007
0.183139607846648
0.00153363792267895
-2.70997441926309
-1.46652494618279
-2.01695001487681
-0.174858545969301
0.544487873429195
0.551238781678401
-0.153824199921311
0.48954672483156
0.563938273166172
2.35609721380602
0.621995925963842
0.571752586946343
0.773166126620585
-0.0542753498406377
-0.181892386577098
2.29414859106055
0.765773774112054
1.13543873130533
-0.132464451658128
-0.000367150411583914
0.13608055982163
1.33968253118648
0.455564811947212
-0.0210316375272773
0.242151172401303
2.16072879263416
-0.0605292301535944
0.164515846496103
1.9279574196318
-0.858139689101454
0.045533485226022
0.44581739547008
0.143778315735156
1.5615959054367
-2.40972243551407
-0.880732149825435
1.39576373118315
-0.721437288167849
0.197700463036743
-0.130619174932513
1.23231503656188
-0.737364258924795
-0.755416479791599
-0.692147246920975
-0.444416276238859
-0.575611208233407
-1.11771057570672
-1.64812623940427
0.948994704669214
-0.552037212400652
0.536415663692799
1.50052452119614
0.345247873577648
-1.11757890701231
1.13340747141124
0.03269678150772
1.56836249356282
1.16698092337151
-1.3371646019414
-1.02484483928043
0.0306496780214556
-0.500152582792361
-1.09523685161383
-0.35542996196853
2.07592867609058
-0.184732750506131
3.12525982340117
0.752417136923563
-0.339830941279551
-0.435940517001114
-0.365517016207915
0.0447435611278728
-0.219165186555783
-0.193072435860679
-1.63236198283947
-2.2846046662779
-1.28683284354117
-0.560469910711921
0.642426650837291
-0.623849148145215
-1.15300056560616
-0.625154498422468
-0.18268580844443
0.935572605211752
-0.488936529810108
-0.598026195724317
1.30497835903352
-0.570794747448752
0.0213343329860648
0.333913490828413
1.4811795203994
-1.15079313832349
-2.26713188102569
-1.43664650468419
-1.11987086684154
0.85416755299649
-1.32028222468121
0.160579030894507
-1.16838770344153
-0.088739158179034
0.833489508822005
0.0306632563052889
1.2660151702289
1.18785471104292
0.293954806067348
-0.00940687518903933
0.2536434186709
-0.463656354771582
0.467916295876491
-0.737514725182885
0.188630090567831
1.82264868063708
1.28628845373953
0.643894880054154
0.311510505511822
-0.86215769570012
-0.234042881769015
-0.476485575251078
-1.10561107257353
-0.11991621256458
0.651390660748074
1.68919307304594
0.680276610482194
-3.26276226122505
1.38963521888521
-0.250022735121973
0.257037510850013
-1.42874518437839
-0.802226936932412
0.181106293224007
1.10245122445318
-1.77772996401436
-0.698740059071554
1.00696532662197
-0.894674700376606
1.24988906587244
-1.24783830071973
0.597920985611931
-1.73126840157952
-0.16393195700428
-2.81386186827318
0.49870244088145
-1.15870558015991
0.117756691365079
-0.415185442907269
-0.220086852588294
0.00134190731453393
-1.83911220425888
0.623340229938555
-0.661054570422447
-0.743102401562303
1.11175130936348
0.923115239741507
-0.807944134915574
-1.02623415173006
0.899806556221662
-0.634900134647868
1.32700837620782
-0.692915915009728
0.461764176459074
1.13296516467124
0.239676137777056
-0.918019139119618
1.44852422305679
-0.510032207028651
-0.298161804827741
0.683027479803136
-0.71390475409614
0.326233107880701
0.0845808956781606
-1.16260155090275
-1.68321832928013
0.622074359579609
0.683967419970789
1.79325367121843
-0.361006109863545
-0.00432199565828084
-0.939594178531402
-1.72996911907865
-0.20761450944209
0.192548500692295
1.38099071957554
-0.212404997412809
-2.07834604626538
-0.234975038407209
0.234989410823324
-0.946393137353798
-0.672000633739374
1.06448135300223
-1.84650521209433
-0.736252745737101
-1.31669801528238
-0.781194320222306
-0.589240368331166
0.0553313361214268
-1.48044281296571
-0.551019148483747
1.79344108964431
-0.74153996682025
-0.730019612291365
0.102021847770532
0.854645510060065
2.28621132663337
-2.07885198875868
-0.881433734266869
1.79462468274105
-0.690319152494791
1.63113031866537
1.19969981493851
1.36262009591097
0.375966403383464
-0.0211244038113272
-0.0320448380500537
-0.312272757550073
2.4369382411524
-0.787685859290716
1.81794752341802
1.15659746817743
0.0929134850543186
1.45742390069676
-0.0674974359379536
0.764057103715022
0.125487408124795
-1.50179741507831
-0.436561414210423
-1.34728019647552
1.09608267564866
0.383878307356058
-0.675324924833919
1.08482689928383
-0.554933147816043
0.276495694844944
1.82808236304385
1.22049855838649
-1.10222786639547
0.374957217959322
-1.32802642221796
-0.912099652289047
1.18137359286985
0.487877606316934
-0.82081781461206
-1.17910658243163
-0.555635277143355
0.564333026110186
-2.64656777969205
-0.010004973662673
-0.856679216939524
-0.128632037845505
0.0491113956615677
1.26199273847466
-0.776555571985412
0.00832259601399245
1.31723808165891
1.2942847884612
1.41173809214652
0.330771823211593
-1.77498853050353
0.255703919218232
-0.259176530094318
-0.782178081690477
1.23702420479327
-1.23774780761111
0.419343219716358
0.728980356915427
1.38155605862478
0.128076944741753
1.15379656175484
-0.719654956458262
-0.686308432603406
-0.927725806402634
-1.05266214028225
-0.683407206153481
-1.1840185022293
1.91558570116564
0.138400983114467
0.344390615398308
-0.336237061491237
-0.434067714928595
0.952562214925254
-3.033321170951
-0.547011856630082
0.226336278298746
1.11432521267337
-2.96674905048395
-0.180601783293851
1.7666001423507
-0.467751750222548
0.66642629995865
-1.67730766121446
0.373174356787159
0.495977620171447
0.701471597518574
0.983080444741621
0.371009981186113
0.672727259285213
1.22350059491897
0.570251825300395
0.347635835895037
-1.61994067246607
-1.78512392626647
-0.781885725918625
0.163810219480953
-0.0132568871062642
1.05447034894399
-0.291449635232962
-0.965829991216738
-2.494347237708
-0.564827166559871
-0.827587889373001
-0.865912152930227
-0.0936579611788396
0.604377865587288
-0.790862316019345
0.0505839722401807
-0.0518489508353271
0.273042867254928
-1.4796728569124
1.63642204798031
0.568651173849821
-0.366648043130173
-0.327646795805053
1.82470313985888
-0.0764509097472354
0.448757389379456
-0.15704704956442
1.2353879168087
-1.16707748177857
1.59874563378343
2.97751318138554
0.648495762403192
1.25653720750574
0.150672808657066
0.0303182725164762
-1.59700404509555
0.566649401406312
0.560848605347183
-0.635927825684471
-0.661260764522671
0.525631421026869
-2.29322393911277
-0.957455406074607
1.20438955218196
0.459667332916498
0.923429202127169
-0.204930253568634
1.09672200540342
0.431096162823822
-1.4759855117068
0.491464554544591
-0.851181584223167
0.335727008770787
0.522024632544266
0.215368407118289
1.65625672993294
0.166449056560195
0.539959310402225
0.217542551403425
0.257628418621717
0.119299166790943
-0.399052672492279
-0.654114078753587
0.0865341178786728
0.346988939081892
0.665354544849472
-1.90927716378995
0.252821709991753
0.216062575384923
1.1482652018804
0.160061956009896
-1.88901698067546
2.22812780719933
-1.0267853665943
-2.16744394938539
-0.124329421478856
0.210186642218706
-1.15615631615491
0.853167667201408
-0.815039319581672
-0.0229465002070752
-0.36778274497189
-0.0491616583435672
-0.360422248521671
0.408695974683631
0.888672417387938
-0.554382878680453
-1.81137652436367
-0.0689439279353078
2.23372406994133
-0.023053972777071
0.142107316245153
-0.0521173787221746
-0.171581793701219
-0.243148244804978
0.774970542488933
0.749496751441713
0.952716213468962
-0.768743587718423
0.172006750447907
0.592170934076784
-1.10361884859311
-0.195991486280166
0.850774477494904
-0.259741917194264
1.16372139260654
2.22825357884309
-0.680836037119126
0.28828788146234
-0.615581617106138
0.570191415150635
0.569240417285151
0.245557488350302
0.601739618541697
-0.710990048371446
-0.453479911352269
-0.79025995937326
-0.354981762163423
-1.0142484523252
-1.12302038641229
-0.437826263928143
-0.0609820860102912
0.122916415453244
-0.920177352857575
-0.0965629141076465
0.955472042296717
1.46207491376522
-0.816361668137405
-1.41995667122695
-0.417424394868257
-1.62671217192018
1.08422699909643
0.746251753024494
0.640526865741342
-0.267914182195266
0.725007451386976
0.947877575516036
0.943412475833226
0.498398774620237
-0.411225794117544
1.41873085793231
1.41282428229931
-1.4381443927286
-0.795994271940415
-1.69940873144141
-0.932039482313525
0.0711442246579246
0.617549799318338
-0.26799080917287
-1.24459243270362
-0.258797464573953
-0.215077785454769
-0.201590464854533
-0.219327001890899
0.47329890994722
0.608923925245524
-0.0138167378126919
0.589997131426579
0.145254599684299
0.941967943657836
1.20877015973088
0.0734240004262433
-0.0700619397376151
-0.0562497994333495
-0.0884192059894496
0.415616537635597
0.667215980087283
-2.01122016256647
0.154383194557665
0.262662794106729
1.63204035647954
-1.78993901721111
0.0600914104177278
-0.0574759947746338
1.12829820339039
0.276149947225832
-0.530411750842627
0.739636007757087
0.937623587274976
0.125725503403656
0.477468760026598
0.708696404762136
-0.413644911672954
-0.136627062397858
0.587110859281237
-0.404319585214295
-0.799800314789411
-0.0604341705008988
0.768805476568475
-0.362709008253389
-1.19437160416812
-0.663714476428754
-1.13813464281588
0.743231558975027
1.27937490510963
1.27037197360678
0.579286163811376
-0.140574792827045
-0.609329038325957
-0.0679496412141669
-1.5770137139704
-1.60911266052505
0.368617654440752
0.26679533710863
0.133376245242348
2.12242021002119
0.236248179063928
0.97059953243569
0.613692700132968
0.396651354380932
0.941091076532554
1.75315962065367
-0.2808180124095
-0.303690164290592
-0.282868711993186
0.766961992838047
0.56987386889298
0.122567580821211
0.833745479286763
0.359844949777021
0.402184701555918
0.384475370689883
0.638091222705754
-0.00214295648394915
-0.491803743723745
-0.823861163015228
-0.0841396689404467
-0.17975990978467
0.916706842063675
-0.310123426343467
0.102866736032188
-0.370518544538814
-1.0679013243725
-0.431324191090604
-0.0353614926580429
-0.861316888870905
-0.407463445016605
0.303279981552059
1.24411236668567
1.10011396265667
-1.72622058897385
0.34262474285225
0.469120497928516
-0.634722399533695
0.396834293309313
0.391607506888592
-1.38101534340349
-0.985121952561001
0.465471098557845
-0.12868224856797
0.21305496213659
0.981861715366889
0.0281838769229253
0.717367162720724
0.11456968718509
-1.7850073632263
1.17923361107224
0.811237420360614
0.944131122898313
-0.414156123086509
0.0299705656104043
0.740860863578089
-0.622749208786019
0.194671279041128
1.75908302671071
-0.452682656105075
0.0943213248892329
-1.29260524031274
0.938189983636568
-0.559340317092238
-0.286470753598091
-1.71785272774629
0.114680770301192
0.613786735618861
0.756743593887697
-1.82859320711907
0.612541339688964
1.02306906702567
-0.263860302749343
0.956628420964798
-2.18948415954298
1.45263263913624
-0.0394993754628625
-1.12494940592392
0.317386110422284
-1.73863109241994
-0.858464901128395
0.0688485837859286
0.205362923549004
-0.0328414776165419
-0.813608048899583
0.0649026590317992
-1.13033924014627
-0.335409032601825
-0.874446760588989
1.42190218491382
0.135335395195664
-0.455476108152986
-1.13534731105591
0.120776089554052
0.717063880211321
0.226894794674563
0.0567760586576837
-0.359102891913616
1.04539978398413
-1.64407440200088
1.13077047306123
0.643215513393951
-0.648096794372582
0.738979268752469
-2.18612824254933
0.282617227180061
0.313386226866073
0.0941970546310428
1.86877299930602
-0.173219599393733
-1.14388707706527
0.554005127665847
-0.80264158072295
1.30693390658021
-0.16011807567414
-0.69314251641592
1.23511504018266
-0.0920485828781002
2.41911343791008
1.18122628362815
0.197014705456561
0.942272430600221
1.58994584977571
-0.390397009608999
2.13461138908349
1.68540104616633
0.560433972780236
0.678823514102027
-0.715912790265768
0.650232791937342
0.860671254253135
-1.79608295006224
0.438795671737433
-0.0631938946006159
-1.85677006578267
-0.079039992026117
-0.0975780158972592
-0.451786578013683
1.56249452750982
0.439574074421361
0.0794610408691766
0.474299771550823
-0.786836685356842
-0.785759338375167
0.273908724989622
-2.24060660471768
-0.251017124745618
-0.4630486458381
-0.0300040596495282
0.636255955922801
-0.473400235741488
-0.085818789420141
-2.14756808652476
-1.26190253825916
0.235140511602497
1.06192083260876
0.294492425756981
-0.16210094769829
1.01721721193685
0.631652684988238
1.93139084684177
0.97141399456787
0.619776194279888
0.976700433343623
2.17952376008741
-0.854337672580063
1.01744140868535
0.0133536188449674
0.518152115235293
-2.10428884592156
-0.309823852933997
-0.812529966296648
-0.367181582457388
-0.0243985064538982
0.120903766132136
1.19752298878989
-0.455655597304774
1.11297052902037
0.571392183608141
-0.702700608619769
0.475618213260131
-0.41340217372974
1.22062895832487
-0.165834012672093
-0.351181420873321
0.41725308742908
-0.335557429546309
-1.14184072731384
-0.382443890646678
-1.06316660639847
0.246866126838135
0.583012707173757
-0.772542781623394
-1.56631734938995
0.0319894683572618
-0.37460148149514
0.571062050198907
1.80300272068793
-0.787983830582634
0.831934896259566
0.0512260042212015
0.880439298485363
-0.29383749507506
1.30383979005225
-0.0430923820449543
1.22659782775052
-0.0632221203058341
-1.02965848485978
0.750454189333802
-0.0782416198295546
1.3681681051594
0.551377123423302
1.01058681691233
0.771722429312756
1.215235123653
0.589846728061702
0.363676284943215
-1.30688491551565
-1.36401039880063
-0.430384170033442
0.914383769287999
0.0144265757730258
1.68523742422638
2.85710460939693
-0.019564346296786
0.372331280862062
-0.641616433072375
-0.892782080859486
-1.37837922975545
0.364196646187501
-1.11322339178181
0.370708472987319
0.411392471047042
0.219716080332751
-1.1382029161592
-0.430632452812923
-0.598447387829235
-0.781387195026824
0.281382149033628
-1.64941941072808
1.60956408529573
-1.92350867288272
-0.32913975450736
-1.01908874246123
-2.57865571955343
0.363576736240927
0.364736573285683
0.959386054992313
-0.2269332540633
-0.209004240359635
0.631201970685124
-0.670099073625318
0.264678862457723
-0.798899160819597
-3.16329787196512
1.18564385025438
-0.790378609461498
-0.998357620131162
-0.628985738963863
0.759401805201017
0.370625307076829
0.305455879173396
-2.48195419891176
0.393521816457845
0.868889698704905
0.060369418706207
0.546846557289877
-1.18575802376185
1.26964793417476
0.450763853033317
0.156184105916474
-0.394284284443793
-0.229013681745357
1.77140858981159
0.549011501766913
0.894953977471749
-0.388383433031326
-0.839746649132939
0.437783065118008
-0.179898341576005
0.49094307163865
0.368494404035483
0.765610746582162
0.648657359508627
1.97097252093607
0.502728600488963
0.27241333891888
-0.976035603947368
-0.483591898370633
1.88868673173402
-1.90482427926858
-0.13695816907858
0.761073425638282
-0.564318459417963
0.911965568891472
1.29269085364856
-0.0795977740747888
0.830064916325164
-0.262601919965493
0.567606694474779
1.25903826027717
-0.920697700077912
0.102962164402474
1.05717805719186
-0.193942876146247
0.51630209939748
-3.80360689138381
-1.96531422271747
0.950263945658767
1.14405920796208
1.14829930248634
-1.2435956481559
-1.07858177941958
-0.257310317025906
-0.883408738833026
-1.1678159487407
-0.947847551175697
0.387676458812743
0.554270636384065
-0.526868292199316
-1.27503959055659
-0.33093399831734
0.0109428128369966
-3.2240640070058
0.223092749316892
1.7952310130558
0.709524857418572
-0.944418489361305
-1.75791963489958
0.769670579901641
-0.138253168472059
1.08177517298669
-1.1804367875849
1.1200495098033
0.136206848280633
0.408374733334332
-0.657524440674564
1.17438744025866
-0.0895189222001824
-0.721182416309094
-0.586671398572421
2.07069711179076
0.684481582467718
0.645199576654962
0.456924026119261
0.219997534092459
0.892856237935764
0.843539918225159
-2.69232188263923
0.565337853187915
-0.3118828049674
1.46884644440485
-0.0976907341371887
0.214241625904083
-0.0074969452511478
-0.250908592348561
0.215016737904105
0.852373733113659
1.02176639421272
0.31839535283157
-0.291756803814154
0.510042296703799
-0.817739257810059
0.595333807766836
-0.769829890247737
0.504907737796897
0.91272058207133
0.643018885945126
-1.10535148072181
0.695350614895627
0.758222973111526
1.04887201385618
0.777336741901751
0.186310264939808
-0.629145469038566
-0.88921764881045
-1.06973941218124
-0.469969172614534
-0.247116838784369
0.0243541777093836
-0.656671189652741
0.186377744987293
0.207873759971583
0.552277359572
1.35108670609475
-1.17715075577373
0.234541837907524
0.328368138945677
-0.0290561331624624
-1.03010750206792
-0.0884582496354537
1.71274370088377
-1.05051631928843
0.368734548738365
-0.221436522200835
0.879142728804251
1.49691749015451
-0.0539170756144254
-2.72523084080006
-0.729928709829712
0.14437499328107
0.094735563611593
-0.572146075780928
-1.3579143256978
0.110608019217439
-0.580515674294879
-0.634310523038195
-0.945703881973918
1.15083002453104
0.367825691884328
1.22927302213235
0.233404370177389
0.613733277334742
-0.911024813166651
0.85504214472712
2.304291252788
0.54120885613151
-0.86817950454919
-2.52575085817656
-1.07545995397085
1.16761802320935
-0.948754490005577
-1.29575173824691
0.0497968740432615
0.466262314527388
-0.961821407581258
-1.45581812157026
0.227443397855545
-0.6711777507811
0.145264653313914
0.154966077781557
-0.310666055880877
0.107692132815251
0.901211351661685
-0.316876151051756
-0.449221656615695
-1.983298876198
0.572557613287463
1.01057188799307
1.39260840740091
-2.34786853144969
0.0511702455320454
-1.20364252368102
1.1420503733153
-0.3904651131201
-0.276026350308455
-0.511678923642325
-0.280714484458205
-1.549423469202
-0.30415699831302
0.310342029339517
0.381362022572578
-0.563164657632356
1.11742202155492
0.377853905214385
1.04033200896556
0.253785793859896
-0.340856536588094
-0.751126326775616
-0.441916265744741
-0.624302138883993
1.64671739158913
2.29298599768627
-0.873906006596153
1.28772775489609
-0.327288863497398
0.691277043825083
1.1725894238071
-0.583305998388544
-1.83983608895329
-0.871174210725787
0.159685628718302
0.614910073138321
-0.759076659460304
-1.04133721654437
0.929354745323464
-1.44614966786653
-0.903839369775244
-0.522210140656302
-0.134536499639211
0.309242400753996
0.764959398064543
-0.243105839283828
0.0814656918727938
-2.19018760078359
0.177493459056359
0.102777730895824
0.803184612085794
-1.64702407346577
0.125249871123975
-0.10142895710419
-1.19941118877822
-0.317820653173112
0.201999570600608
-0.15006508640578
1.08232667922446
1.15705336385255
-1.219323103224
-0.364249314278735
-0.29093393839572
0.0791746915551936
-0.184855135878224
0.274091760371354
-0.254022806374681
-1.16283214710618
0.564770993470385
0.519961883099638
0.775699320820966
0.565479250828386
0.670548226461561
-1.63467626683376
1.46759556059606
1.57488451972647
-0.832402628331268
0.115421574395637
-0.853258464723462
2.19208263849633
2.36544562264163
2.09667686232741
0.644754024093624
0.369849090292882
1.10519793749127
